0      2      1
1      2      0.954064
2      1.96367      0.991503
3      2      0.853977
4      2      0.904211
5      2      0.803743
6      1.96254      0.963458
7      1.96125      0.931708
8      1.93046      0.984038
9      1.96052      0.834655
10      1.96089      0.887653
11      1.96601      0.788558
12      2      0.753509
13      1.9272      0.955874
14      1.92539      0.918215
15      1.89724      0.97714
16      1.93192      0.813136
17      1.93601      0.865119
18      1.93191      0.777418
19      1.96512      0.74126
20      2      0.703275
21      1.89322      0.945914
22      1.87995      0.918881
23      1.88868      0.890904
24      1.86401      0.971062
25      1.90033      0.811805
26      1.90327      0.853252
27      1.93381      0.723723
28      1.89628      0.758421
29      1.96404      0.689572
30      2      0.653041
31      1.85456      0.943226
32      2      0.200936
33      1.84737      0.910888
34      1.84178      0.875559
35      1.87031      0.844493
36      1.83078      0.966037
37      1.8721      0.791057
38      1.90325      0.706608
39      1.93462      0.672949
40      1.85495      0.72992
41      1.84388      0.770309
42      1.9668      0.638431
43      2      0.602807
44      1.82594      0.940033
45      1.96667      0.167446
46      2      0.25117
47      2      0.150702
48      1.96429      0.215288
49      2      0
50      2      0.502339
51      2      0.301404
52      2      0.100468
53      1.8263      0.74366
54      1.87096      0.697648
55      2      0.552573
56      1.81467      0.905089
57      1.82583      0.851293
58      1.80066      0.879936
59      1.83374      0.821965
60      1.79754      0.96227
61      1.87734      0.646014
62      1.93369      0.627123
63      1.83918      0.683715
64      1.82055      0.712534
65      1.79764      0.757401
66      1.80292      0.79353
67      1.93729      0.575797
68      1.78887      0.93318
69      1.91667      0.133957
70      1.92857      0.179407
71      1.96      0.120561
72      1.96667      0.267914
73      1.92222      0.234425
74      1.95      0
75      2      0.0502339
76      1.95062      0.521817
77      1.96429      0.466458
78      2      0.452105
79      2      0.351638
80      1.96364      0.31967
81      1.96667      0.0669786
82      2      0.401871
83      1.9      0.200936
84      1.77654      0.90739
85      1.78828      0.829954
86      1.76857      0.876414
87      1.7643      0.959938
88      1.8356      0.626461
89      1.8872      0.604547
90      1.80741      0.669782
91      1.77711      0.70206
92      1.76661      0.775708
93      1.75511      0.728496
94      1.90748      0.519253
95      1.89724      0.562305
96      1.75336      0.933774
97      1.8875      0.156981
98      1.9      0.100468
99      1.925      0.0753509
100      1.93      0.28131
101      1.89091      0.255736
102      1.93333      0.0334893
103      1.9      0
104      1.93151      0.479609
105      1.92857      0.430577
106      1.96154      0.417328
107      1.9625      0.368382
108      1.92727      0.328804
109      1.86      0.210983
110      1.85284      0.174392
111      1.87404      0.523892
112      1.75394      0.853412
113      1.73636      0.885666
114      1.7467      0.821612
115      1.73104      0.959177
116      1.79054      0.584686
117      1.79428      0.627029
118      1.84321      0.573638
119      1.76935      0.649567
120      1.74442      0.672105
121      1.7399      0.788272
122      1.73311      0.754931
123      1.71174      0.718036
124      1.86755      0.483159
125      1.72055      0.933178
126      1.83333      0.133957
127      1.85714      0.107644
128      1.88      0.0602807
129      1.8875      0.301404
130      1.85455      0.255736
131      1.85      0
132      1.87796      0.438842
133      1.92308      0.382551
134      1.88462      0.347773
135      1.81818      0.191802
136      1.8125      0.234425
137      1.83042      0.533118
138      1.71535      0.835748
139      1.83333      0.0334893
140      1.6986      0.882236
141      1.70786      0.909756
142      1.70164      0.795774
143      1.69779      0.960087
144      1.75053      0.576269
145      1.7868      0.542343
146      1.75377      0.617768
147      1.69037      0.68114
148      1.70635      0.651891
149      1.68793      0.7558
150      1.6661      0.713377
151      1.82762      0.447064
152      1.81848      0.490761
153      1.68769      0.93788
154      1.79      0.140655
155      1.8125      0.0941886
156      1.84615      0.312996
157      1.80769      0.278219
158      1.8      0
159      1.85892      0.40297
160      1.83987      0.367098
161      1.78182      0.182669
162      1.76923      0.243441
163      1.68023      0.835714
164      1.78571      0.0358814
165      1.66664      0.892802
166      1.65589      0.864241
167      1.6585      0.792159
168      1.66454      0.962721
169      1.71336      0.608533
170      1.73296      0.53091
171      1.71051      0.567853
172      1.7558      0.493314
173      1.66885      0.631973
174      1.65072      0.662287
175      1.64929      0.746024
176      1.6326      0.6926
177      1.79537      0.38632
178      1.77909      0.454989
179      1.65311      0.939583
180      1.7375      0.167446
181      1.74545      0.127868
182      1.76667      0.0669786
183      1.80655      0.336963
184      1.7679      0.304445
185      1.75      0
186      1.73077      0.208664
187      1.72861      0.26499
188      1.64514      0.83568
189      1.64324      0.907855
190      1.63007      0.770364
191      1.73093      0.462854
192      1.62718      0.881785
193      1.61388      0.808778
194      1.63128      0.96709
195      1.6739      0.599513
196      1.6975      0.519145
197      1.67029      0.549006
198      1.63181      0.612301
199      1.60718      0.661078
200      1.61126      0.7364
201      1.60291      0.709688
202      1.75247      0.404847
203      1.76716      0.360804
204      1.62043      0.922532
205      1.69231      0.173887
206      1.70909      0.109601
207      1.72778      0.0669786
208      1.72864      0.330322
209      1.7      0
210      1.68942      0.232559
211      1.68869      0.286163
212      1.61113      0.835647
213      1.59811      0.766938
214      1.7099      0.423235
215      1.6845      0.470438
216      1.58101      0.675103
217      1.58772      0.870768
218      1.58774      0.905481
219      1.58059      0.799929
220      1.57712      0.835615
221      1.59464      0.939417
222      1.59804      0.973158
223      1.63278      0.565558
224      1.65696      0.500651
225      1.63006      0.53016
226      1.59831      0.631902
227      1.59613      0.581735
228      1.56559      0.651046
229      1.57322      0.726775
230      1.71161      0.374777
231      1.64979      0.201156
232      1.65385      0.139109
233      1.67273      0.0639341
234      1.6625      0.100468
235      1.66805      0.323831
236      1.65      0
237      1.64751      0.23764
238      1.63871      0.301329
239      1.56615      0.763512
240      1.68146      0.4017
241      1.66885      0.440966
242      1.62798      0.458617
243      1.55483      0.689129
244      1.5648      0.980845
245      1.63636      0.0365338
246      1.55266      0.877159
247      1.5608      0.946667
248      1.55328      0.91229
249      1.54428      0.805495
250      1.5414      0.841579
251      1.57378      0.542135
252      1.58984      0.511313
253      1.54316      0.612424
254      1.55772      0.572956
255      1.52667      0.655054
256      1.53562      0.731528
257      1.65302      0.380165
258      1.60817      0.155858
259      1.60827      0.227786
260      1.60714      0.107644
261      1.61923      0.0695547
262      1.62359      0.338354
263      1.6      0
264      1.60936      0.278827
265      1.52915      0.76867
266      1.62662      0.413802
267      1.58591      0.432495
268      1.58392      0.471702
269      1.51652      0.693518
270      1.52521      0.955349
271      1.53157      0.99003
272      1.5875      0.0334893
273      1.51759      0.884847
274      1.51881      0.920465
275      1.50794      0.812226
276      1.50566      0.848781
277      1.53108      0.533012
278      1.54961      0.492467
279      1.51745      0.576262
280      1.50351      0.616086
281      1.48771      0.659969
282      1.49798      0.737317
283      1.60329      0.383203
284      1.56021      0.125356
285      1.56319      0.164326
286      1.56618      0.203296
287      1.56722      0.26558
288      1.57143      0.0717628
289      1.57058      0.301244
290      1.57995      0.352605
291      1.55      0
292      1.49212      0.774935
293      1.54907      0.42082
294      1.54544      0.451075
295      1.48554      0.699355
296      1.49312      0.965318
297      1.48787      0.929879
298      1.49835      1.00055
299      1.53846      0.0347773
300      1.46513      1.01221
301      1.47708      0.857121
302      1.48251      0.893728
303      1.47158      0.820051
304      1.49005      0.535967
305      1.50795      0.495114
306      1.47712      0.580346
307      1.47316      0.621016
308      1.44871      0.665772
309      1.46032      0.744099
310      1.53694      0.366655
311      1.50964      0.0956971
312      1.51437      0.142654
313      1.519      0.188554
314      1.52362      0.234454
315      1.52813      0.279187
316      1.53256      0.323214
317      1.5      0
318      1.46598      0.782237
319      1.51224      0.409144
320      1.50307      0.453401
321      1.45455      0.705191
322      1.44986      0.940382
323      1.45929      0.976402
324      1.44742      0.903669
325      1.50482      0.0478486
326      1.42572      0.98985
327      1.43192      1.02479
328      1.43522      0.828876
329      1.43416      0.866494
330      1.46624      0.498416
331      1.43059      0.543586
332      1.44281      0.625945
333      1.41592      0.584776
334      1.4097      0.672439
335      1.42265      0.751818
336      1.4991      0.322741
337      1.49312      0.368399
338      1.4717      0.142658
339      1.46124      0.0960401
340      1.47216      0.189314
341      1.48567      0.234461
342      1.48277      0.280025
343      1.45      0
344      1.45728      0.0478499
345      1.41801      0.790509
346      1.469      0.410688
347      1.46059      0.455903
348      1.40141      0.712391
349      1.41314      0.918976
350      1.41949      0.954771
351      1.40673      0.882858
352      1.39192      1.00254
353      1.3851      0.966911
354      1.39872      1.03802
355      1.36551      1.05164
356      1.38434      0.632091
357      1.39362      0.80901
358      1.40022      0.846204
359      1.42449      0.502396
360      1.38952      0.548745
361      1.38758      0.600064
362      1.36634      0.655373
363      1.37331      0.694603
364      1.38696      0.771497
365      1.38016      0.733192
366      1.45448      0.324231
367      1.44925      0.370622
368      1.42529      0.190306
369      1.42406      0.14321
370      1.41282      0.0964973
371      1.43956      0.23543
372      1.43743      0.281619
373      1.4      0
374      1.40807      0.0480215
375      1.42579      0.413276
376      1.41812      0.459462
377      1.37815      0.930575
378      1.37113      0.893907
379      1.36401      0.856715
380      1.35073      0.979508
381      1.35985      1.01565
382      1.34836      0.942658
383      1.32607      1.02892
384      1.33231      1.06537
385      1.35924      0.615351
386      1.35      0
387      1.3      0
388      1.35572      0.781206
389      1.35678      0.818973
390      1.38272      0.507073
391      1.34486      0.534341
392      1.35205      0.574846
393      1.3192      0.622638
394      1.32693      0.663047
395      1.33446      0.702366
396      1.34199      0.741685
397      1.40981      0.32612
398      1.40535      0.373328
399      1.39341      0.236681
400      1.3849      0.190306
401      1.3764      0.143931
402      1.3677      0.0964973
403      1.40165      0.281619
404      1.35885      0.0482486
405      1.38255      0.416434
406      1.37564      0.463633
407      1.33552      0.905303
408      1.32771      0.867173
409      1.3199      0.829044
410      1.31981      0.992312
411      1.31342      0.954985
412      1.30698      0.917318
413      1.29257      1.04348
414      1.28601      1.00796
415      1.29911      1.07892
416      1.30962      0.0485432
417      1.26039      0.0489092
418      1.25      0
419      1.2659      1.09198
420      1.32448      0.790915
421      1.33753      0.493048
422      1.31134      0.581607
423      1.30349      0.540575
424      1.27921      0.630499
425      1.29667      0.671651
426      1.29577      0.71131
427      1.3111      0.751337
428      1.36511      0.328462
429      1.36143      0.376548
430      1.34723      0.238261
431      1.34665      0.285966
432      1.3315      0.19308
433      1.32871      0.144851
434      1.31596      0.0978183
435      1.3393      0.420151
436      1.33003      0.450825
437      1.30044      0.879119
438      1.29381      0.840355
439      1.28712      0.801282
440      1.27931      0.971658
441      1.27258      0.935155
442      1.26572      0.897999
443      1.25502      1.02039
444      1.25883      1.05623
445      1.2445      0.983741
446      1.27079      0.0978183
447      1.21833      0.0957632
448      1.21072      0.0473786
449      1.2      0
450      1.22673      1.06829
451      1.23269      1.1043
452      1.15      0
453      1.1      0
454      1.28022      0.760989
455      1.29548      0.498731
456      1.2521      0.59665
457      1.26217      0.547354
458      1.26641      0.680254
459      1.24722      0.627434
460      1.26657      0.72782
461      1.3204      0.331257
462      1.31491      0.365648
463      1.31078      0.285966
464      1.30105      0.24018
465      1.29104      0.19308
466      1.28103      0.14598
467      1.29247      0.408601
468      1.28729      0.455987
469      1.2588      0.860478
470      1.25178      0.822463
471      1.24461      0.783619
472      1.24386      0.946899
473      1.22979      0.909363
474      1.2324      0.871477
475      1.22076      1.0322
476      1.21465      0.995274
477      1.20851      0.958149
478      1.23205      0.141627
479      1.17512      0.14679
480      1.16986      0.0969158
481      1.1584      0.0490975
482      1.19324      1.08073
483      1.19013      1.04588
484      1.19947      1.11558
485      1.10884      0.0478796
486      1.05816      0.0493173
487      1.05      0
488      1      0
489      1.09977      1.14094
490      1.13301      1.13411
491      1.23491      0.565358
492      1.16625      1.12559
493      1.27289      0.262222
494      1.25891      0.37429
495      1.23736      0.74433
496      1.23754      0.511582
497      1.24461      0.461658
498      1.20766      0.583362
499      1.21522      0.624369
500      1.21668      0.535099
501      1.22279      0.665377
502      1.23011      0.705041
503      1.27281      0.321706
504      1.25272      0.232947
505      1.23016      0.191609
506      1.2575      0.416232
507      1.21471      0.833053
508      1.20695      0.793804
509      1.19909      0.754075
510      1.20225      0.920303
511      1.19593      0.882097
512      1.18061      1.0101
513      1.18054      0.974284
514      1.16765      0.93759
515      1.18927      0.191616
516      1.14075      0.186857
517      1.12645      0.143324
518      1.12059      0.0944182
519      1.15592      1.05565
520      1.16108      1.09062
521      1.15061      1.01974
522      1.06921      0.0971785
523      1.00722      0.0488567
524      1.01723      0.0963795
525      0.95      0
526      1.09681      1.10712
527      1.06652      1.14594
528      1.1289      1.09907
529      1.24474      0.284263
530      1.22671      0.374303
531      1.17725      0.80953
532      0.941841      0.0493173
533      1.19124      0.714345
534      1.20751      0.493026
535      1.22253      0.423863
536      1.1669      0.59126
537      1.18352      0.549742
538      1.17511      0.632762
539      1.17697      0.506629
540      1.18331      0.674264
541      1.20709      0.333621
542      1.20826      0.284272
543      1.19133      0.241493
544      1.16565      0.863143
545      1.15541      0.786719
546      1.1664      0.750905
547      1.16106      0.900758
548      1.1453      0.983779
549      1.13985      0.946892
550      1.13439      0.909886
551      1.14349      0.235647
552      1.08227      0.195062
553      1.11288      0.215354
554      1.07442      0.147582
555      1.12479      1.06403
556      1.12057      1.02802
557      1.11634      0.991977
558      1.01264      0.144502
559      0.982767      0.0963795
560      0.9      0
561      1.09385      1.0733
562      1.07366      1.09853
563      1.03326      1.14898
564      1.04693      1.11165
565      1.19526      0.397194
566      1.14756      0.825255
567      0.892618      0.0485893
568      0.930787      0.0971753
569      1.15136      0.671051
570      1.14217      0.557105
571      1.02238      1.12254
572      1.1449      0.708279
573      1.1704      0.463357
574      1.16382      0.420085
575      1.10481      0.586195
576      1.13401      0.627017
577      1.13495      0.513518
578      1.16013      0.325803
579      1.15704      0.375474
580      1.14336      0.285386
581      1.1288      0.87204
582      1.1337      0.747735
583      1.11744      0.795136
584      1.112      0.954946
585      1.10764      0.91782
586      1.09013      0.242541
587      1.05149      0.215991
588      1.02294      0.195594
589      1.09082      1.0386
590      1.08777      1.00378
591      1.08466      0.968135
592      0.978386      0.14634
593      0.85      0
594      1.06778      1.06685
595      1      1.15
596      1.03738      1.05958
597      1.02027      1.08057
598      1.0987      0.841536
599      0.882328      0.0957592
600      0.84007      0.0484579
601      0.925585      0.147582
602      1.11941      0.667839
603      1.10819      0.532408
604      0.998945      1.10156
605      0.977616      1.12254
606      1.12046      0.425911
607      1.09789      0.289481
608      0.995352      1.06658
609      1.10577      0.716135
610      1.12771      0.469714
611      1.07976      0.605931
612      1.09379      0.634995
613      1.08142      0.551297
614      1.08979      0.502149
615      1.10544      0.335123
616      1.11299      0.380764
617      1.07832      0.895679
618      1.0751      0.858881
619      1.0895      0.763078
620      1.07181      0.821177
621      1.0685      0.78336
622      1.08153      0.932329
623      1.04238      0.286921
624      1.02072      0.23692
625      0.965898      0.190721
626      0.993308      0.213821
627      1.05449      1.0386
628      1.05329      0.996655
629      1.05142      0.960975
630      0.8      0
631      0.96674      1.14898
632      1.01816      1.0386
633      0.869183      0.141327
634      0.833196      0.098195
635      0.790834      0.0478816
636      0.895308      0.168534
637      0.924446      0.190721
638      1.09056      0.686724
639      0.967454      1.07513
640      0.953073      1.11165
641      1.08525      0.426272
642      1.06863      0.312601
643      0.981836      1.0386
644      1.03937      0.33572
645      1.06511      0.744578
646      1.0617      0.705608
647      1.06869      0.465091
648      1.05115      0.584899
649      1.05471      0.625667
650      1.05822      0.665834
651      1.06031      0.514217
652      1.04753      0.543491
653      1.05568      0.376963
654      1.04076      0.932331
655      1.03916      0.895681
656      1.03838      0.849457
657      1.0359      0.821179
658      1.03425      0.783363
659      1.00731      0.309421
660      0.975243      0.283121
661      0.964521      0.240217
662      1.01755      1.00379
663      1.01693      0.968137
664      0.75      0
665      0.933482      1.14594
666      0.982445      1.00379
667      0.82031      0.144879
668      0.865032      0.189485
669      0.781667      0.0957632
670      0.741589      0.0473802
671      0.909875      0.242541
672      0.926344      1.09853
673      0.932215      1.06685
674      0.945508      1.0386
675      1.05004      0.426632
676      0.947335      1.00379
677      1.00341      0.354011
678      1.03241      0.463082
679      1.0217      0.744582
680      1.02057      0.705613
681      1.02683      0.495833
682      1.01764      0.618878
683      1.01826      0.571103
684      1.02058      0.65245
685      0.999999      0.543501
686      1.00874      0.399467
687      1      0.932332
688      1.01919      0.87257
689      1      0.895683
690      1.00165      0.840034
691      1.00165      0.802274
692      1.0017      0.763975
693      0.950973      0.331942
694      0.91205      0.283238
695      0.983068      0.968138
696      0.7      0
697      0.900231      1.14094
698      0.903189      1.10712
699      0.949205      0.968139
700      0.816778      0.194142
701      0.772596      0.143148
702      0.849326      0.232387
703      0.72921      0.0978183
704      0.690377      0.0485416
705      0.878976      0.26195
706      0.906146      1.0733
707      0.909181      1.0386
708      0.912225      1.00379
709      1.00495      0.442848
710      0.915342      0.96814
711      0.967444      0.372302
712      0.993341      0.477448
713      0.978296      0.744586
714      0.978273      0.692359
715      0.979897      0.514217
716      0.980574      0.612089
717      0.979423      0.652224
718      0.966523      0.577799
719      0.952473      0.54351
720      0.963619      0.416045
721      0.95171      0.939495
722      0.960839      0.895684
723      0.963252      0.868087
724      0.964096      0.821184
725      0.966576      0.792823
726      0.894559      0.335123
727      0.93344      0.372249
728      0.848077      0.281359
729      0.65      0
730      0.866988      1.13411
731      0.871097      1.09907
732      0.763758      0.189317
733      0.808675      0.241493
734      0.724857      0.141631
735      0.684042      0.0978183
736      0.642803      0.0485432
737      0.875207      1.06403
738      0.879431      1.02802
739      0.883658      0.991977
740      0.959858      0.459063
741      0.918473      0.932335
742      0.888001      0.954946
743      0.93489      0.74459
744      0.938298      0.705622
745      0.932627      0.654042
746      0.939691      0.514217
747      0.945288      0.625683
748      0.929693      0.59946
749      0.918575      0.551297
750      0.925482      0.416755
751      0.921678      0.895686
752      0.924895      0.85889
753      0.928192      0.821187
754      0.931499      0.783371
755      0.865899      0.371248
756      0.900124      0.372249
757      0.849797      0.33044
758      0.800714      0.288015
759      0.6      0
760      0.833753      1.12559
761      0.838918      1.09062
762      0.74728      0.232955
763      0.716752      0.187293
764      0.777456      0.261164
765      0.671286      0.144847
766      0.635606      0.0970863
767      0.593588      0.0482486
768      0.844083      1.05565
769      0.849388      1.01974
770      0.854699      0.983779
771      0.917842      0.459485
772      0.892355      0.91782
773      0.860147      0.946892
774      0.865613      0.909886
775      0.894229      0.716135
776      0.910504      0.763078
777      0.919966      0.6824
778      0.906213      0.634995
779      0.910213      0.502149
780      0.895185      0.586195
781      0.877003      0.544813
782      0.866943      0.420085
783      0.871203      0.87204
784      0.901302      0.841536
785      0.882561      0.795136
786      0.831673      0.370246
787      0.792909      0.333621
788      0.769574      0.307227
789      0.55      0
790      0.800528      1.11558
791      0.80676      1.08073
792      0.746238      0.280834
793      0.708646      0.232955
794      0.668501      0.19308
795      0.628524      0.144851
796      0.583863      0.096043
797      0.542721      0.0478499
798      0.812991      1.04588
799      0.819388      1.0101
800      0.825793      0.974284
801      0.858388      0.463357
802      0.832354      0.93759
803      0.83894      0.900758
804      0.810885      0.408681
805      0.869567      0.613616
806      0.580873      0.143931
807      0.652769      0.238254
808      0.866301      0.747735
809      0.855101      0.708279
810      0.880587      0.667839
811      0.849832      0.506629
812      0.833103      0.591242
813      0.841308      0.549742
814      0.815659      0.457025
815      0.845665      0.863143
816      0.85244      0.825255
817      0.844591      0.786719
818      0.785105      0.379227
819      0.761063      0.351684
820      0.727192      0.321716
821      0.5      0
822      0.76731      1.1043
823      0.773267      1.06829
824      0.700689      0.277773
825      0.615098      0.190306
826      0.538759      0.0960401
827      0.49518      0.0478486
828      0.779237      1.0322
829      0.785346      0.995274
830      0.791488      0.958149
831      0.797749      0.920303
832      0.80407      0.882097
833      0.777467      0.423863
834      0.84395      0.641036
835      0.568191      0.18932
836      0.528299      0.142658
837      0.614674      0.238261
838      0.653348      0.285966
839      0.45      0
840      0.792493      0.493026
841      0.823554      0.764322
842      0.830251      0.723838
843      0.837007      0.683002
844      0.799912      0.542355
845      0.789178      0.604177
846      0.774488      0.575593
847      0.803867      0.632762
848      0.769961      0.467723
849      0.810483      0.843332
850      0.816989      0.804006
851      0.729217      0.369747
852      0.742496      0.416238
853      0.692889      0.321716
854      0.461538      0.0347773
855      0.734099      1.09198
856      0.741168      1.05623
857      0.568547      0.236681
858      0.490359      0.0956971
859      0.744976      1.02039
860      0.755499      0.983745
861      0.756142      0.946894
862      0.770204      0.90937
863      0.767601      0.871469
864      0.797561      0.674264
865      0.527842      0.189314
866      0.485629      0.142654
867      0.598352      0.281619
868      0.634889      0.328452
869      0.415385      0.0347773
870      0.4      0
871      0.762456      0.511582
872      0.35      0
873      0.601301      0.328462
874      0.785436      0.754075
875      0.7794      0.793804
876      0.791472      0.714345
877      0.737831      0.547354
878      0.747899      0.59665
879      0.756828      0.656581
880      0.712707      0.455987
881      0.720528      0.504952
882      0.773437      0.833053
883      0.707526      0.408613
884      0.685088      0.36566
885      0.454723      0.106537
886      0.423077      0.0695547
887      0.700892      1.07892
888      0.707432      1.04348
889      0.552949      0.280033
890      0.514333      0.234461
891      0.713988      1.00796
892      0.720686      0.971658
893      0.727422      0.935155
894      0.734279      0.897999
895      0.741204      0.860478
896      0.762532      0.697299
897      0.481005      0.188554
898      0.437623      0.148734
899      0.556661      0.32612
900      0.638571      0.376548
901      0.375      0.0669786
902      0.315      0.0351638
903      0.3      0
904      0.582029      0.370622
905      0.25      0
906      0.1      0
907      0.538102      0.368402
908      0.739817      0.734595
909      0.749588      0.777397
910      0.722982      0.811802
911      0.696514      0.540575
912      0.707312      0.588927
913      0.720792      0.630499
914      0.733592      0.680254
915      0.688414      0.493063
916      0.669967      0.450838
917      0.660703      0.420151
918      0.392857      0.107644
919      0.667689      1.06537
920      0.675332      1.03032
921      0.517225      0.280025
922      0.47638      0.234454
923      0.680191      0.992312
924      0.69082      0.959292
925      0.693025      0.917318
926      0.706701      0.886465
927      0.706195      0.840355
928      0.425742      0.216465
929      0.399099      0.158778
930      0.500904      0.322741
931      0.61745      0.416422
932      0.346154      0.104332
933      0.327273      0.0730675
934      0.272222      0.0669786
935      0.574206      0.413276
936      0.2      0
937      0.225      0.0627924
938      0.12      0.0602807
939      0.05      0
940      0.0666667      0.0334893
941      0.15      0
942      0.530997      0.410688
943      0.506882      0.368399
944      0      0
945      0.719776      0.760989
946      0.704231      0.71131
947      0.687918      0.790914
948      0.669902      0.574863
949      0.65514      0.534357
950      0.680804      0.622638
951      0.694322      0.671459
952      0.642229      0.507073
953      0.624364      0.463633
954      0.357143      0.143526
955      0.634487      1.05164
956      0.640152      1.01565
957      0.471874      0.279187
958      0.43559      0.255122
959      0.64584      0.979508
960      0.65164      0.942654
961      0.664477      0.905303
962      0.66352      0.867173
963      0.669521      0.829044
964      0.374133      0.19813
965      0.391339      0.227991
966      0.463062      0.366655
967      0.467439      0.323214
968      0.566389      0.455903
969      0.3      0.133957
970      0.245      0.105491
971      0.166667      0.0669786
972      0.209722      0.0983748
973      0.08      0.0904211
974      0.125      0.100468
975      0      0.0502339
976      0.0375      0.0753509
977      0.523892      0.452974
978      0.494888      0.409925
979      0.639828      0.562387
980      0.681778      0.751161
981      0.665541      0.702366
982      0.650502      0.780924
983      0.624516      0.590418
984      0.640759      0.61537
985      0.610479      0.548745
986      0.651715      0.655223
987      0.600405      0.502406
988      0.321429      0.179407
989      0.601284      1.03802
990      0.608077      1.00254
991      0.425735      0.309396
992      0.385505      0.268281
993      0.614897      0.966911
994      0.621853      0.930575
995      0.628873      0.893907
996      0.635993      0.856715
997      0.643218      0.818973
998      0.356936      0.239517
999      0.417501      0.396144
1000      0.45878      0.409162
1001      0.422442      0.344638
1002      0.558592      0.498416
1003      0.276923      0.173887
1004      0.254545      0.146135
1005      0.194444      0.133957
1006      0.15      0.125585
1007      0.0833333      0.133957
1008      0.04      0.120561
1009      0      0.100468
1010      0.516815      0.495098
1011      0.481384      0.451059
1012      0.133333      0.167446
1013      0.44873      0.46138
1014      0.650846      0.74198
1015      0.626798      0.694011
1016      0.606385      0.809002
1017      0.613045      0.771489
1018      0.596882      0.632091
1019      0.563299      0.584776
1020      0.551029      0.539654
1021      0.607083      0.672439
1022      0.304874      0.245183
1023      0.269231      0.208664
1024      0.568079      1.02479
1025      0.574281      0.989848
1026      0.380882      0.322112
1027      0.339738      0.280903
1028      0.580509      0.954769
1029      0.586863      0.918973
1030      0.593275      0.882853
1031      0.599782      0.846198
1032      0.375982      0.383051
1033      0.416788      0.433923
1034      0.225      0.200936
1035      0.175      0.175819
1036      0.0333333      0.167446
1037      0.075      0.188377
1038      0      0.150702
1039      0.483601      0.493783
1040      0.509948      0.535967
1041      0.116667      0.200936
1042      0.145455      0.223769
1043      0.416076      0.471701
1044      0.450388      0.492467
1045      0.566532      0.626347
1046      0.381013      0.450481
1047      0.619913      0.732799
1048      0.583782      0.712391
1049      0.564779      0.828876
1050      0.571038      0.790509
1051      0.57735      0.751818
1052      0.55129      0.665772
1053      0.50318      0.576248
1054      0.536183      0.620604
1055      0.25      0.25117
1056      0.286733      0.278967
1057      0.53487      1.01221
1058      0.54248      0.976402
1059      0.314719      0.318371
1060      0.333134      0.369538
1061      0.550136      0.940382
1062      0.557939      0.903669
1063      0.558642      0.866494
1064      0.353762      0.412093
1065      0.207692      0.243441
1066      0.181818      0.219203
1067      0.0357143      0.215288
1068      0      0.200936
1069      0.0666667      0.234425
1070      0.468917      0.533012
1071      0.105      0.246146
1072      0.15      0.267914
1073      0.412132      0.505192
1074      0.361732      0.477988
1075      0.427206      0.539074
1076      0.331542      0.441136
1077      0.496486      0.616086
1078      0.546064      0.744567
1079      0.545445      0.705191
1080      0.530086      0.857126
1081      0.528416      0.820051
1082      0.534022      0.782237
1083      0.520615      0.660408
1084      0.442279      0.572956
1085      0.456837      0.612424
1086      0.239191      0.301257
1087      0.192308      0.278219
1088      0.264445      0.328548
1089      0.501654      1.00055
1090      0.506878      0.965318
1091      0.289699      0.35584
1092      0.3085      0.406595
1093      0.515663      0.929881
1094      0.517492      0.893728
1095      0.0333333      0.267914
1096      0      0.25117
1097      0.07      0.28131
1098      0.1125      0.301404
1099      0.153846      0.312996
1100      0.369881      0.530087
1101      0.322566      0.509667
1102      0.315503      0.470438
1103      0.387558      0.561357
1104      0.288783      0.434725
1105      0.489941      0.655043
1106      0.514778      0.737317
1107      0.507122      0.698889
1108      0.487202      0.848781
1109      0.487721      0.884847
1110      0.50104      0.812226
1111      0.497016      0.774935
1112      0.405235      0.592627
1113      0.419824      0.621837
1114      0.434412      0.651046
1115      0.232845      0.360807
1116      0.19345      0.336965
1117      0.468431      0.99003
1118      0.474792      0.955349
1119      0.247517      0.404844
1120      0.477676      0.920465
1121      0.0363636      0.31967
1122      0      0.301404
1123      0.075      0.334893
1124      0.115385      0.347773
1125      0.160122      0.367096
1126      0.356786      0.580382
1127      0.329628      0.548896
1128      0.282395      0.503384
1129      0.295725      0.543914
1130      0.269066      0.462854
1131      0.476145      0.694009
1132      0.445168      0.689129
1133      0.368192      0.612298
1134      0.477091      0.73152
1135      0.447336      0.877159
1136      0.455724      0.805495
1137      0.4515      0.841584
1138      0.443224      0.912292
1139      0.460033      0.768676
1140      0.382615      0.639345
1141      0.397038      0.666391
1142      0.41191      0.696583
1143      0.204624      0.386317
1144      0.4352      0.980845
1145      0.439201      0.946667
1146      0.220908      0.454989
1147      0.0375      0.368382
1148      0      0.351638
1149      0.0769231      0.382551
1150      0.118712      0.393308
1151      0.166253      0.40708
1152      0.326014      0.599406
1153      0.291467      0.578498
1154      0.256101      0.557095
1155      0.238743      0.506735
1156      0.426783      0.726775
1157      0.331148      0.631969
1158      0.433853      0.763512
1159      0.412257      0.905481
1160      0.412276      0.870768
1161      0.422885      0.835615
1162      0.419413      0.799929
1163      0.405361      0.939417
1164      0.351221      0.671106
1165      0.370202      0.704135
1166      0.388743      0.736398
1167      0.172383      0.447064
1168      0.401961      0.973158
1169      0.187122      0.48889
1170      0.0384615      0.417328
1171      0      0.401871
1172      0.0714286      0.430577
1173      0.122039      0.438842
1174      0.278628      0.63303
1175      0.24609      0.617589
1176      0.201611      0.530005
1177      0.215873      0.570476
1178      0.309626      0.681136
1179      0.385727      0.778948
1180      0.372816      0.881784
1181      0.379575      0.922532
1182      0.397494      0.846133
1183      0.382712      0.821498
1184      0.368715      0.96709
1185      0.33041      0.713966
1186      0.350703      0.746022
1187      0.127413      0.48486
1188      0.158388      0.521315
1189      0.0357143      0.466458
1190      0      0.452105
1191      0.0769401      0.476649
1192      0.236232      0.648593
1193      0.255577      0.672099
1194      0.205951      0.606689
1195      0.17548      0.583912
1196      0.29593      0.709783
1197      0.340824      0.802962
1198      0.333356      0.8928
1199      0.356757      0.907854
1200      0.363409      0.844103
1201      0.344106      0.866707
1202      0.346893      0.939583
1203      0.335464      0.962721
1204      0.312067      0.755796
1205      0.0824436      0.522655
1206      0.129654      0.553739
1207      0.0412218      0.537614
1208      0      0.502339
1209      0.193835      0.664157
1210      0.217512      0.692313
1211      0.250154      0.706776
1212      0.16402      0.636259
1213      0.134266      0.597622
1214      0.282234      0.738429
1215      0.318746      0.826681
1216      0.30011      0.804533
1217      0.292144      0.909756
1218      0.312311      0.93788
1219      0.30931      0.864635
1220      0.30221      0.960087
1221      0.272725      0.765749
1222      0.0627165      0.575799
1223      0.0930517      0.611331
1224      0      0.552573
1225      0.179447      0.712526
1226      0.151439      0.67972
1227      0.244731      0.741453
1228      0.206757      0.744515
1229      0.122415      0.645724
1230      0.284644      0.835743
1231      0.259341      0.806106
1232      0.277116      0.934591
1233      0.263643      0.885666
1234      0.268956      0.959177
1235      0.233384      0.775702
1236      0.0332034      0.638431
1237      0      0.602807
1238      0.0896488      0.66218
1239      0.145053      0.72992
1240      0.179633      0.763811
1241      0.123139      0.697324
1242      0.197081      0.79353
1243      0.246059      0.853412
1244      0.211716      0.829954
1245      0.2441      0.935528
1246      0.231434      0.876414
1247      0.22346      0.907392
1248      0.235705      0.959938
1249      0      0.653041
1250      0.0320185      0.689486
1251      0.09484      0.714929
1252      0.152509      0.783107
1253      0.10372      0.758421
1254      0.166263      0.821965
1255      0.174177      0.851296
1256      0.199341      0.879939
1257      0.211131      0.938416
1258      0.185335      0.905089
1259      0.202459      0.96227
1260      0      0.703275
1261      0.0354937      0.737046
1262      0.0694803      0.769383
1263      0.120756      0.790491
1264      0.13302      0.829839
1265      0.12549      0.882906
1266      0.158214      0.892071
1267      0.178247      0.937305
1268      0.143725      0.916281
1269      0.16922      0.966037
1270      0      0.753509
1271      0.034823      0.784007
1272      0.0663102      0.821883
1273      0.0996638      0.840794
1274      0.0929471      0.892886
1275      0.109421      0.926437
1276      0.0766664      0.863774
1277      0.145436      0.943226
1278      0.135988      0.971062
1279      0      0.803743
1280      0.0329416      0.835336
1281      0.039353      0.880037
1282      0.0746071      0.918213
1283      0.0806471      0.950634
1284      0.102763      0.97714
1285      0      0.853977
1286      0      0.904211
1287      0.038745      0.931708
1288      0.0492353      0.960727
1289      0.0695439      0.984038
1290      0      0.954064
1291      0.0363294      0.991503
1292      0      1
