0      0      1
1      0.0181969      0.99572
2      0      0.97696
3      0.0348354      0.991846
4      0.0246513      0.980182
5      0      0.951948
6      0.0193725      0.965533
7      0.0403696      0.974821
8      0.0514741      0.988043
9      0      0.926753
10      0.0195002      0.943242
11      0.068113      0.984348
12      0      0.901559
13      0.0372902      0.958285
14      0.0546809      0.961618
15      0.0702868      0.971569
16      0.0164215      0.916911
17      0.0319301      0.931409
18      0.0847521      0.980792
19      0      0.876364
20      0.0197976      0.890317
21      0      0.851169
22      0.101392      0.977408
23      0.0555611      0.943123
24      0.0762963      0.952399
25      0.0870752      0.966698
26      0.0330513      0.909302
27      0.0562138      0.922973
28      0.0176752      0.866933
29      0.0346118      0.882039
30      0.0179292      0.842874
31      0      0.825974
32      0.103837      0.962459
33      0.118031      0.974228
34      0      0.800779
35      0      0.75039
36      0      0.775584
37      0.073881      0.928436
38      0.0902027      0.93994
39      0.0508465      0.896519
40      0.0663723      0.910366
41      0.0351537      0.859109
42      0.0517678      0.87477
43      0.0178571      0.807978
44      0.035337      0.836511
45      0.120548      0.961328
46      0.10912      0.948492
47      0.134672      0.971282
48      0.0166667      0.783983
49      0.0166667      0.733593
50      0.01875      0.756688
51      0      0.725195
52      0      0.7
53      0.107305      0.934446
54      0.0977956      0.918155
55      0.0830611      0.904266
56      0.0677305      0.889816
57      0.0557703      0.850319
58      0.0686861      0.863007
59      0.0357143      0.789982
60      0.0355237      0.813486
61      0.0589897      0.823945
62      0.138689      0.9567
63      0.125594      0.944357
64      0.151312      0.968599
65      0.0333333      0.767186
66      0.0333333      0.716797
67      0.0375      0.737792
68      0.025      0.7
69      0.121888      0.928171
70      0.113292      0.911057
71      0.151229      0.951477
72      0.0974059      0.892603
73      0.0854057      0.876639
74      0.0725127      0.837816
75      0.0856044      0.851245
76      0.062298      0.796843
77      0.0535714      0.771985
78      0.079804      0.815249
79      0.147906      0.933823
80      0.136471      0.921897
81      0.167954      0.966204
82      0.0625      0.75039
83      0.05      0.7
84      0.06      0.730234
85      0.124256      0.899284
86      0.166811      0.949257
87      0.165632      0.931779
88      0.111751      0.880941
89      0.103081      0.863461
90      0.0966011      0.832909
91      0.0965053      0.794789
92      0.0746456      0.777768
93      0.0965538      0.814068
94      0.151054      0.915622
95      0.144285      0.896862
96      0.184595      0.964125
97      0.0863323      0.757674
98      0.0892857      0.735993
99      0.075      0.7
100      0.0833333      0.716797
101      0.130472      0.885414
102      0.182396      0.94733
103      0.180126      0.930006
104      0.164416      0.913756
105      0.201237      0.962383
106      0.182707      0.912138
107      0.122507      0.865558
108      0.117105      0.846375
109      0.11648      0.824433
110      0.116802      0.805569
111      0.114951      0.788827
112      0.109502      0.764756
113      0.163163      0.895176
114      0.150867      0.877531
115      0.199571      0.945717
116      0.109811      0.74225
117      0.107143      0.717996
118      0.1      0.7
119      0.136687      0.871544
120      0.197852      0.928523
121      0.21788      0.960999
122      0.216745      0.944436
123      0.182037      0.893714
124      0.200994      0.910786
125      0.200908      0.892493
126      0.14044      0.857616
127      0.138431      0.837107
128      0.136359      0.815957
129      0.13422      0.794114
130      0.132018      0.771639
131      0.129734      0.748324
132      0.172885      0.874721
133      0.170321      0.855148
134      0.215575      0.927346
135      0.127398      0.724482
136      0.125      0.7
137      0.234523      0.959993
138      0.235504      0.943506
139      0.200819      0.873633
140      0.219279      0.909713
141      0.216449      0.891658
142      0.15917      0.835968
143      0.157756      0.815006
144      0.15035      0.771639
145      0.162141      0.792691
146      0.153233      0.74794
147      0.151638      0.72429
148      0.190419      0.854193
149      0.179904      0.834984
150      0.236517      0.926492
151      0.15      0.7
152      0.251166      0.959381
153      0.251092      0.942939
154      0.220287      0.872771
155      0.205617      0.853815
156      0.231989      0.890823
157      0.232653      0.908934
158      0.179148      0.814185
159      0.177564      0.770567
160      0.184214      0.792142
161      0.179733      0.747334
162      0.175876      0.724124
163      0.175      0.7
164      0.200633      0.834163
165      0.251016      0.925971
166      0.250937      0.908462
167      0.266681      0.94275
168      0.26781      0.959175
169      0.220814      0.853437
170      0.239752      0.872148
171      0.247532      0.89054
172      0.284454      0.959388
173      0.200435      0.792142
174      0.207738      0.812959
175      0.200331      0.770155
176      0.201636      0.723879
177      0.200223      0.747334
178      0.2      0.7
179      0.229873      0.833043
180      0.268736      0.925797
181      0.264314      0.908303
182      0.263074      0.890256
183      0.283236      0.925976
184      0.285439      0.942946
185      0.240899      0.852892
186      0.261795      0.871641
187      0.301028      0.943537
188      0.301097      0.960028
189      0.225519      0.812766
190      0.228348      0.791395
191      0.223095      0.769829
192      0.224349      0.723879
193      0.225      0.7
194      0.22672      0.74696
195      0.259116      0.832665
196      0.243299      0.812572
197      0.287505      0.908467
198      0.281939      0.890401
199      0.28126      0.87177
200      0.304178      0.92652
201      0.270771      0.852448
202      0.317741      0.9611
203      0.319789      0.944527
204      0.305792      0.90896
205      0.244559      0.7914
206      0.250312      0.769456
207      0.248583      0.7238
208      0.25      0.7
209      0.25323      0.746998
210      0.27558      0.832715
211      0.261196      0.812452
212      0.307457      0.890847
213      0.300727      0.872164
214      0.290856      0.852563
215      0.321902      0.927427
216      0.319168      0.909785
217      0.334385      0.962608
218      0.335377      0.94592
219      0.272471      0.791146
220      0.273074      0.769409
221      0.275866      0.723754
222      0.275      0.7
223      0.273696      0.746998
224      0.279094      0.812332
225      0.292043      0.832764
226      0.326329      0.891588
227      0.320195      0.872825
228      0.310944      0.852908
229      0.337457      0.910945
230      0.336401      0.928703
231      0.351029      0.964551
232      0.352554      0.947714
233      0.350896      0.930348
234      0.300386      0.791403
235      0.295837      0.769458
236      0.298576      0.723753
237      0.300198      0.746963
238      0.3      0.7
239      0.300475      0.812578
240      0.312769      0.83306
241      0.350754      0.893978
242      0.339668      0.873753
243      0.331037      0.853483
244      0.350826      0.912441
245      0.367672      0.966927
246      0.368139      0.949908
247      0.371858      0.93236
248      0.362473      0.922309
249      0.316597      0.791408
250      0.323058      0.769845
251      0.320668      0.747128
252      0.322812      0.723802
253      0.325      0.7
254      0.321859      0.812989
255      0.342018      0.834246
256      0.369629      0.895623
257      0.354913      0.875082
258      0.350604      0.85534
259      0.374049      0.914269
260      0.384315      0.96973
261      0.386914      0.952496
262      0.38635      0.934733
263      0.338667      0.791731
264      0.400958      0.972951
265      0.4176      0.97658
266      0.370157      0.87641
267      0.350275      0.770636
268      0.344177      0.747127
269      0.348573      0.723998
270      0.35      0.7
271      0.343247      0.813566
272      0.362755      0.835142
273      0.388511      0.897565
274      0.365818      0.855979
275      0.392355      0.916425
276      0.404098      0.955471
277      0.404084      0.937461
278      0.35555      0.792622
279      0.41968      0.958823
280      0.434241      0.980603
281      0.436676      0.963843
282      0.381032      0.856618
283      0.398131      0.878133
284      0.450883      0.985003
285      0.3686      0.770636
286      0.373682      0.748014
287      0.374332      0.724324
288      0.375      0.7
289      0.364642      0.81431
290      0.3835      0.836237
291      0.407401      0.899798
292      0.410668      0.918906
293      0.421822      0.940535
294      0.372433      0.793514
295      0.4363      0.943944
296      0.452327      0.967936
297      0.453809      0.95042
298      0.401149      0.858124
299      0.413379      0.880243
300      0.470974      0.972363
301      0.467523      0.989762
302      0.484163      0.994858
303      0.424028      0.921702
304      0.391379      0.77118
305      0.397183      0.748441
306      0.398573      0.724537
307      0.4      0.7
308      0.393237      0.816292
309      0.412755      0.839017
310      0.4263      0.902313
311      0.437375      0.924803
312      0.388674      0.793514
313      0.459941      0.932442
314      0.474515      0.954513
315      0.473527      0.936199
316      0.421277      0.85986
317      0.428638      0.882355
318      0.489143      0.9589
319      0.486622      0.977106
320      0.500803      1.00027
321      0.503773      0.982143
322      0.441596      0.908151
323      0.411061      0.816908
324      0.414174      0.771775
325      0.42069      0.748933
326      0.421299      0.724537
327      0.425      0.7
328      0.4166      0.795359
329      0.441994      0.842551
330      0.428884      0.817523
331      0.447085      0.892184
332      0.456892      0.913989
333      0.475633      0.917409
334      0.491729      0.940229
335      0.494382      0.921078
336      0.44079      0.863988
337      0.509938      0.944512
338      0.506817      0.963562
339      0.520693      0.988686
340      0.517442      1.00597
341      0.524018      0.97101
342      0.431214      0.784823
343      0.455268      0.869771
344      0.445828      0.774286
345      0.444202      0.74949
346      0.445547      0.724782
347      0.45      0.7
348      0.444517      0.797631
349      0.455673      0.833057
350      0.44712      0.815751
351      0.461836      0.855559
352      0.469745      0.875553
353      0.466389      0.895028
354      0.485704      0.898105
355      0.513139      0.924977
356      0.501064      0.901515
357      0.525055      0.934422
358      0.52742      0.952926
359      0.537812      0.994268
360      0.541628      0.976212
361      0.534081      1.01192
362      0.541188      0.957745
363      0.550719      1.01811
364      0.554669      0.950608
365      0.567357      1.02451
366      0.583995      1.03106
367      0.469061      0.770188
368      0.461788      0.790961
369      0.468227      0.74663
370      0.47298      0.723868
371      0.475      0.7
372      0.465355      0.813978
373      0.476728      0.835037
374      0.482296      0.857954
375      0.484823      0.878392
376      0.4999      0.881231
377      0.534463      0.915486
378      0.516424      0.904925
379      0.519799      0.884325
380      0.543667      0.938854
381      0.553515      1.00007
382      0.55924      0.981624
383      0.563645      0.962761
384      0.57176      1.00722
385      0.568149      0.943472
386      0.587517      1.0134
387      0.60327      1.01971
388      0.600633      1.03776
389      0.492018      0.771217
390      0.484107      0.792221
391      0.491855      0.747259
392      0.497286      0.724211
393      0.5      0.7
394      0.487041      0.815618
395      0.497824      0.837007
396      0.502767      0.860532
397      0.538108      0.89611
398      0.549914      0.919533
399      0.523271      0.863135
400      0.535634      0.881849
401      0.565364      0.923579
402      0.573561      0.98958
403      0.580837      0.971577
404      0.585517      0.953201
405      0.591109      0.995381
406      0.583356      0.934442
407      0.608657      1.00131
408      0.623504      1.00734
409      0.621433      1.02721
410      0.61727      1.04455
411      0.633907      1.0514
412      0.514984      0.772323
413      0.511833      0.795072
414      0.515489      0.747947
415      0.521596      0.724579
416      0.525      0.7
417      0.508731      0.817466
418      0.526803      0.841578
419      0.551469      0.879373
420      0.557785      0.899761
421      0.54566      0.855966
422      0.586758      0.915285
423      0.577466      0.90357
424      0.594775      0.976994
425      0.598517      0.958229
426      0.598866      0.939082
427      0.608704      0.982537
428      0.629988      0.991584
429      0.643162      1.01571
430      0.644093      0.99725
431      0.638493      1.03372
432      0.650545      1.05829
433      0.654293      1.04025
434      0.683819      1.07199
435      0.667182      1.06516
436      0.549593      0.835057
437      0.534164      0.796651
438      0.537956      0.773507
439      0.544992      0.747059
440      0.545908      0.724975
441      0.55      0.7
442      0.537871      0.813986
443      0.582323      0.88277
444      0.566435      0.858826
445      0.606261      0.919386
446      0.600172      0.895655
447      0.611504      0.963377
448      0.614377      0.943721
449      0.634386      0.973267
450      0.658109      1.02189
451      0.661996      1.00318
452      0.665956      0.98413
453      0.65276      0.978676
454      0.670092      1.04679
455      0.673055      1.02807
456      0.703994      1.06077
457      0.688151      1.05432
458      0.700457      1.07874
459      0.578299      0.840083
460      0.559778      0.816035
461      0.628932      0.939542
462      0.598314      0.880904
463      0.717094      1.08537
464      0.581691      0.818185
465      0.625739      0.92373
466      0.562708      0.793705
467      0.561855      0.769874
468      0.566147      0.747059
469      0.571837      0.724114
470      0.575      0.7
471      0.597417      0.855283
472      0.620268      0.903419
473      0.614305      0.879038
474      0.638877      0.954562
475      0.657707      0.959593
476      0.679188      1.01222
477      0.679146      0.9896
478      0.682286      0.969771
479      0.692553      1.03636
480      0.69703      1.0181
481      0.724594      1.05051
482      0.720817      1.06807
483      0.70759      1.0425
484      0.597036      0.83724
485      0.643487      0.935363
486      0.737823      1.07428
487      0.733732      1.09185
488      0.604898      0.813169
489      0.585216      0.795432
490      0.640243      0.907438
491      0.588783      0.772409
492      0.58988      0.747887
493      0.596197      0.72455
494      0.6      0.7
495      0.615773      0.834397
496      0.61844      0.858299
497      0.634804      0.882558
498      0.662784      0.94001
499      0.685508      0.949422
500      0.696714      0.999516
501      0.706228      0.980571
502      0.69665      0.96541
503      0.711247      1.02392
504      0.714968      1.00501
505      0.742778      1.03836
506      0.72843      1.03268
507      0.739717      1.05646
508      0.658541      0.920434
509      0.753709      1.08032
510      0.757098      1.06224
511      0.750371      1.09813
512      0.602717      0.795429
513      0.621178      0.813172
514      0.652897      0.896172
515      0.767009      1.10419
516      0.800288      1.11551
517      0.783648      1.10999
518      0.632713      0.826419
519      0.612701      0.769241
520      0.616713      0.746651
521      0.619268      0.724549
522      0.625      0.7
523      0.644248      0.839666
524      0.639464      0.861397
525      0.657706      0.876142
526      0.678298      0.924737
527      0.696252      0.936987
528      0.717625      0.990308
529      0.711013      0.96105
530      0.720281      0.975603
531      0.728354      1.01044
532      0.764045      1.02518
533      0.750484      1.01992
534      0.76054      1.04388
535      0.673146      0.900034
536      0.769597      1.08615
537      0.772225      1.06784
538      0.77771      1.05207
539      0.636117      0.794985
540      0.786454      1.09265
541      0.816928      1.1207
542      0.81937      1.103
543      0.803439      1.09798
544      0.654913      0.819885
545      0.715811      0.941476
546      0.632366      0.769243
547      0.638119      0.746652
548      0.646442      0.72434
549      0.65      0.7
550      0.662676      0.855443
551      0.67419      0.837226
552      0.678442      0.879606
553      0.692085      0.907883
554      0.720722      0.921442
555      0.706403      0.914662
556      0.736322      0.995996
557      0.734334      0.970635
558      0.737379      0.950372
559      0.777614      1.03027
560      0.780394      1.0109
561      0.75487      1.00109
562      0.695446      0.886655
563      0.789298      1.07508
564      0.792183      1.05725
565      0.795135      1.03901
566      0.654086      0.794985
567      0.806633      1.08021
568      0.836222      1.10854
569      0.833568      1.12554
570      0.821847      1.08506
571      0.838907      1.09134
572      0.672842      0.813106
573      0.734702      0.929992
574      0.866851      1.13408
575      0.650417      0.759986
576      0.850209      1.13001
577      0.883493      1.13772
578      0.900136      1.14093
579      0.662715      0.773319
580      0.666725      0.74939
581      0.670843      0.724812
582      0.675      0.7
583      0.69142      0.861591
584      0.695106      0.815321
585      0.695927      0.839902
586      0.714237      0.901019
587      0.734699      0.904762
588      0.752315      0.981962
589      0.755605      0.962511
590      0.748682      0.938542
591      0.798136      1.02047
592      0.771293      0.986516
593      0.788983      0.99717
594      0.709857      0.876998
595      0.806666      1.06219
596      0.813192      1.04374
597      0.816565      1.02498
598      0.68247      0.793206
599      0.824359      1.06686
600      0.8542      1.09555
601      0.852192      1.11288
602      0.838856      1.07123
603      0.856238      1.07794
604      0.74855      0.913546
605      0.86916      1.11684
606      0.885137      1.12038
607      0.902106      1.1235
608      0.918029      1.12697
609      0.916779      1.14367
610      0.933422      1.14593
611      0.683409      0.769096
612      0.691069      0.747485
613      0.694393      0.723352
614      0.7      0.7
615      0.721695      0.859099
616      0.700839      0.793203
617      0.715133      0.804421
618      0.719343      0.835174
619      0.730789      0.880372
620      0.757306      0.898456
621      0.746887      0.887095
622      0.775006      0.966705
623      0.768467      0.942715
624      0.7624      0.922329
625      0.813398      1.00593
626      0.79286      0.978287
627      0.815716      0.986549
628      0.826934      1.04821
629      0.829551      1.02925
630      0.829719      1.01461
631      0.844426      1.05599
632      0.871498      1.09939
633      0.870854      1.08165
634      0.858327      1.0599
635      0.872242      1.06348
636      0.886802      1.10283
637      0.904101      1.10586
638      0.919292      1.1101
639      0.934045      1.12918
640      0.936562      1.11225
641      0.951002      1.13091
642      0.950066      1.1477
643      0.983355      1.14974
644      0.966711      1.14898
645      0.710075      0.77182
646      0.712691      0.747483
647      0.718829      0.723807
648      0.725      0.7
649      0.741233      0.837761
650      0.7502      0.865046
651      0.72919      0.791757
652      0.729427      0.815639
653      0.761747      0.877811
654      0.78285      0.880966
655      0.786499      0.905395
656      0.789019      0.950781
657      0.792035      0.929762
658      0.829887      0.999965
659      0.807448      0.962934
660      0.833784      0.985155
661      0.822565      0.96664
662      0.847256      1.03786
663      0.844447      1.01381
664      0.860444      1.04162
665      0.888494      1.08499
666      0.890228      1.0667
667      0.878776      1.04506
668      0.903124      1.08792
669      0.92058      1.0929
670      0.938171      1.095
671      0.951947      1.11394
672      0.95291      1.09664
673      0.967021      1.13215
674      0.967335      1.11516
675      0.983979      1.1329
676      1      1.15
677      1.01664      1.14974
678      1      1.13315
679      1.03329      1.14898
680      0.737445      0.770568
681      0.739409      0.746698
682      0.745762      0.723819
683      0.75      0.7
684      0.758937      0.83794
685      0.75697      0.819993
686      0.766241      0.856922
687      0.752077      0.793518
688      0.798157      0.887095
689      0.787799      0.859718
690      0.809107      0.899161
691      0.804982      0.919253
692      0.810689      0.942908
693      0.846375      0.994003
694      0.837682      0.970346
695      0.830659      0.946599
696      0.862594      1.02305
697      0.861459      1.00058
698      0.881283      1.02635
699      0.904161      1.06954
700      0.891986      1.04816
701      0.921895      1.07534
702      0.935971      1.07737
703      0.953894      1.07897
704      0.967655      1.09782
705      0.967982      1.08012
706      0.982726      1.11589
707      1      1.11614
708      1.01602      1.1329
709      1.03298      1.13215
710      1.04993      1.1477
711      0.867033      0.984715
712      0.763333      0.747598
713      0.763994      0.773243
714      0.771284      0.724727
715      0.775      0.7
716      0.776642      0.838119
717      0.780382      0.816002
718      0.76623      0.80476
719      0.813386      0.87832
720      0.805954      0.859848
721      0.804502      0.842867
722      0.825438      0.905291
723      0.82297      0.925923
724      0.853493      0.967727
725      0.850353      0.953148
726      0.852393      0.932199
727      0.876543      1.00716
728      0.906282      1.03193
729      0.894331      1.01942
730      0.910318      1.05089
731      0.923226      1.05757
732      0.941478      1.05953
733      0.954891      1.06108
734      0.968313      1.06219
735      0.985251      1.09854
736      0.982075      1.08081
737      1      1.09877
738      1.01727      1.11589
739      1.01475      1.09854
740      1.049      1.13091
741      1.03266      1.11516
742      1.06658      1.14593
743      0.869303      0.965107
744      0.882249      0.987546
745      0.884329      0.96778
746      1.08322      1.14367
747      0.785053      0.76948
748      0.789921      0.746852
749      0.784149      0.793726
750      0.795966      0.723854
751      0.8      0.7
752      0.802875      0.818029
753      0.82411      0.859977
754      0.841945      0.883833
755      0.822074      0.83601
756      0.846267      0.908153
757      0.865717      0.950441
758      0.865332      0.922075
759      0.895898      1.0049
760      0.907378      1.01249
761      0.922691      1.01759
762      0.924588      1.03938
763      0.943181      1.04127
764      0.968652      1.04382
765      0.986571      1.06286
766      0.984326      1.04425
767      1      1.08104
768      1.01409      1.08081
769      1.03234      1.09782
770      1.04805      1.11394
771      1.06595      1.12918
772      0.881081      0.947734
773      0.899354      0.970452
774      0.897465      0.990377
775      1.08197      1.12697
776      1.09986      1.14093
777      1      1.06308
778      0.845802      0.862383
779      0.807121      0.795378
780      0.808523      0.770743
781      0.815897      0.74856
782      0.820449      0.72428
783      0.825      0.7
784      0.831205      0.816137
785      0.838715      0.839157
786      0.856612      0.888864
787      0.868534      0.901564
788      0.882653      0.927148
789      0.916892      0.992756
790      0.938705      1.00384
791      0.938004      1.02269
792      0.95695      1.02411
793      0.981052      1.02576
794      1      1.04468
795      0.996554      1.02576
796      1.01343      1.06286
797      1.03202      1.08012
798      1.04709      1.09664
799      1.06344      1.11225
800      0.896519      0.939517
801      0.91916      0.972702
802      0.910778      0.952202
803      1.09888      1.1235
804      1.08071      1.1101
805      1.11651      1.13772
806      0.855357      0.842304
807      0.866666      0.862839
808      0.823567      0.782969
809      0.838611      0.795195
810      0.841399      0.771892
811      0.844203      0.748456
812      0.845182      0.723463
813      0.85      0.7
814      0.858488      0.819618
815      0.878848      0.882674
816      0.897374      0.906224
817      0.911957      0.931299
818      0.939421      0.984568
819      0.954026      1.00502
820      0.954563      0.98568
821      0.969347      1.00619
822      0.984674      1.00659
823      1.01567      1.04425
824      1.01206      1.02576
825      1      1.00698
826      1.03169      1.06219
827      1.04611      1.07897
828      1.06468      1.095
829      1.06019      1.07737
830      0.930278      0.96339
831      0.925835      0.948609
832      1.11486      1.12038
833      1.09789      1.10586
834      1.07942      1.0929
835      1.13315      1.13408
836      0.872297      0.841618
837      0.88753      0.863295
838      0.857883      0.795192
839      0.8678      0.773955
840      0.871606      0.72459
841      0.870145      0.749869
842      0.875      0.7
843      0.881928      0.815761
844      0.900224      0.884948
845      0.913032      0.897328
846      0.926245      0.910053
847      0.933273      0.923381
848      0.960177      0.966164
849      0.969705      0.986793
850      0.989365      0.987361
851      1.03135      1.04382
852      1.03118      1.01545
853      1.0193      1.00679
854      1.00451      0.987361
855      1.04511      1.06108
856      1.07811      1.07534
857      1.06337      1.05953
858      0.940891      0.945017
859      1.13183      1.11684
860      1.1132      1.10283
861      1.09387      1.08792
862      1.14979      1.13001
863      0.889237      0.840932
864      0.902215      0.853468
865      0.915617      0.866393
866      0.885428      0.793346
867      0.899535      0.806557
868      0.961291      0.946165
869      1.14781      1.11288
870      0.894481      0.772269
871      0.897215      0.724056
872      0.894429      0.748112
873      0.9      0.7
874      0.913643      0.819769
875      0.92869      0.888431
876      0.955981      0.903987
877      0.954046      0.924732
878      0.990097      0.967583
879      0.979598      0.947494
880      1.04305      1.02411
881      1.05682      1.04127
882      1.042      1.00521
883      1.01966      0.987361
884      1.0099      0.967583
885      1.07677      1.05757
886      1.09179      1.06954
887      1.07541      1.03938
888      1.1305      1.09939
889      1.11151      1.08499
890      1.16643      1.12554
891      0.9169      0.843641
892      0.943997      0.861484
893      0.906991      0.784893
894      0.919501      0.797518
895      0.970817      0.926566
896      1.1458      1.09555
897      1.16378      1.10854
898      0.920844      0.773706
899      0.918478      0.748683
900      0.922667      0.724602
901      0.925      0.7
902      0.936319      0.820973
903      0.957946      0.88291
904      0.971203      0.905677
905      1.00916      0.9475
906      1      0.927186
907      1.05731      1.00366
908      1.062      1.02269
909      1.04092      0.985861
910      1.02993      0.967045
911      1.09479      1.05089
912      1.10977      1.0667
913      1.08754      1.03193
914      1.12613      1.08165
915      1.18307      1.1207
916      0.944807      0.839686
917      0.959944      0.861484
918      0.938972      0.797515
919      0.985409      0.916407
920      1.16293      1.0896
921      1.14376      1.07794
922      1.18063      1.103
923      0.978434      0.884838
924      1.17815      1.08506
925      0.947342      0.771489
926      0.93291      0.760086
927      0.948211      0.748119
928      0.947191      0.724834
929      0.95      0.7
930      0.964055      0.817392
931      0.978032      0.863212
932      1      0.906248
933      1.03871      0.946165
934      1.02078      0.927037
935      1.07262      1.00211
936      1.06058      0.984568
937      1.08534      1.01249
938      1.05985      0.964941
939      1.10313      1.02914
940      1.10801      1.04816
941      1.12776      1.06348
942      1.19971      1.11551
943      0.961976      0.839686
944      0.957874      0.796554
945      1.16114      1.07123
946      1.14167      1.0599
947      1.19656      1.09798
948      0.992237      0.87403
949      1.00684      0.884846
950      1.17564      1.06686
951      1.19549      1.08021
952      0.973668      0.77213
953      0.974103      0.748559
954      0.975452      0.724335
955      0.975      0.7
956      0.982028      0.818079
957      0.976776      0.795592
958      0.980988      0.840493
959      1      0.841299
960      1.00604      0.863221
961      1.02117      0.906113
962      1.03758      0.925797
963      1.05291      0.934679
964      1.08311      0.992752
965      1.07511      0.968819
966      1.1044      1.00999
967      1.06824      0.94356
968      1.11872      1.02635
969      1.12635      1.04506
970      1.21635      1.10999
971      1.15557      1.05599
972      1.13956      1.04162
973      1.21355      1.09265
974      1.02841      0.884448
975      1.19333      1.06219
976      1.17307      1.04821
977      1.2107      1.07508
978      1      0.772347
979      1.0018      0.74867
980      0.999099      0.724335
981      1      0.7
982      1      0.818767
983      1.00354      0.795784
984      1.0138      0.829829
985      1.0276      0.840891
986      1.03404      0.862284
987      1.04402      0.903987
988      1.06673      0.923381
989      1.09038      0.972696
990      1.10254      0.990382
991      1.08348      0.946834
992      1.11775      0.987548
993      1.12346      1.00716
994      1.13741      1.02305
995      1.23299      1.10419
996      1.15274      1.03786
997      1.22947      1.08705
998      1.0568      0.88291
999      1.18681      1.04374
1000      1.20782      1.05725
1001      1.17045      1.02925
1002      1.22778      1.06784
1003      1.025      0.7
1004      1.04692      0.842266
1005      1.029      0.771861
1006      1.02949      0.748119
1007      1.02545      0.72428
1008      1.03029      0.795027
1009      1.03595      0.817392
1010      1.06202      0.86047
1011      1.06518      0.902744
1012      1.08684      0.910045
1013      1.09675      0.929355
1014      1.09872      0.950109
1015      1.11089      0.967918
1016      1.1307      0.965107
1017      1.13297      0.984715
1018      1.14693      1.00061
1019      1.15555      1.01381
1020      1.24963      1.09813
1021      1.24629      1.08032
1022      1.07382      0.874447
1023      1.20487      1.03902
1024      1.18888      1.02498
1025      1.22511      1.04923
1026      1.17108      1.00987
1027      1.2429      1.06224
1028      1.05      0.7
1029      1.05436      0.817392
1030      1.06624      0.843641
1031      1.05532      0.77102
1032      1.05089      0.72406
1033      1.05562      0.74967
1034      1.06103      0.797518
1035      1.09064      0.864944
1036      1.08563      0.888423
1037      1.10263      0.906224
1038      1.11735      0.927148
1039      1.12838      0.945109
1040      1.14965      0.953148
1041      1.15165      0.973744
1042      1.16509      0.990393
1043      1.26627      1.09185
1044      1.2633      1.07428
1045      1.21859      1.03406
1046      1.20186      1.02047
1047      1.1866      1.00593
1048      1.23946      1.04388
1049      1.25803      1.05646
1050      1.075      0.7
1051      1.08182      0.820853
1052      1.08852      0.842609
1053      1.10361      0.852049
1054      1.08192      0.773027
1055      1.0778      0.74967
1056      1.07826      0.724341
1057      1.08781      0.79563
1058      1.1187      0.861489
1059      1.11412      0.884948
1060      1.1236      0.90386
1061      1.13467      0.922075
1062      1.14761      0.932199
1063      1.16931      0.946449
1064      1.17296      0.966731
1065      1.18428      0.986549
1066      1.28291      1.08537
1067      1.28016      1.06711
1068      1.21483      1.01576
1069      1.23596      1.02518
1070      1.20169      0.998567
1071      1.25722      1.03835
1072      1.27737      1.04854
1073      1.1      0.7
1074      1.10905      0.818551
1075      1.12149      0.837643
1076      1.19373      0.972763
1077      1.10557      0.748112
1078      1.11101      0.770531
1079      1.10186      0.724341
1080      1.11095      0.794535
1081      1.14125      0.866865
1082      1.14464      0.842304
1083      1.14339      0.888864
1084      1.15373      0.908153
1085      1.17703      0.925923
1086      1.18934      0.943057
1087      1.20714      0.978287
1088      1.29954      1.07874
1089      1.29601      1.06077
1090      1.21678      0.991207
1091      1.23237      1.00607
1092      1.24952      1.01992
1093      1.27157      1.03268
1094      1.29241      1.0425
1095      1.125      0.7
1096      1.12763      0.818234
1097      1.20317      0.958976
1098      1.12936      0.724228
1099      1.13179      0.749179
1100      1.1322      0.773955
1101      1.13453      0.797911
1102      1.15857      0.863419
1103      1.15806      0.883839
1104      1.16679      0.840294
1105      1.1462      0.817917
1106      1.17456      0.905291
1107      1.19099      0.917333
1108      1.20336      0.934575
1109      1.22503      0.966905
1110      1.31618      1.07199
1111      1.31304      1.05432
1112      1.24067      0.981962
1113      1.25092      1.00109
1114      1.27165      1.01044
1115      1.28875      1.02392
1116      1.30984      1.03636
1117      1.15      0.7
1118      1.21735      0.950842
1119      1.14657      0.784902
1120      1.24025      0.962371
1121      1.19089      0.899161
1122      1.28503      1.00501
1123      1.15482      0.723463
1124      1.1558      0.748456
1125      1.1586      0.771892
1126      1.16517      0.793738
1127      1.17931      0.881126
1128      1.17589      0.859973
1129      1.17347      0.814294
1130      1.18406      0.840406
1131      1.20495      0.908743
1132      1.21738      0.926093
1133      1.23153      0.942708
1134      1.33282      1.06516
1135      1.32991      1.04679
1136      1.2596      0.977034
1137      1.2687      0.990838
1138      1.30297      1.0181
1139      1.32695      1.02807
1140      1.175      0.7
1141      1.25547      0.957837
1142      1.20184      0.887095
1143      1.28431      0.985705
1144      1.30329      0.999516
1145      1.2376      0.922336
1146      1.18056      0.723854
1147      1.18209      0.749395
1148      1.1855      0.773215
1149      1.19683      0.793726
1150      1.1987      0.865156
1151      1.19222      0.820009
1152      1.20134      0.840517
1153      1.22204      0.901951
1154      1.2595      0.929634
1155      1.34946      1.05829
1156      1.34571      1.04025
1157      1.27733      0.965868
1158      1.32081      1.01222
1159      1.34189      1.02189
1160      1.2      0.7
1161      1.26983      0.949657
1162      1.21715      0.88096
1163      1.29992      0.980571
1164      1.32085      0.9896
1165      1.24269      0.898456
1166      1.25145      0.913549
1167      1.21293      0.827236
1168      1.20504      0.723426
1169      1.19779      0.760034
1170      1.21008      0.746852
1171      1.21196      0.770743
1172      1.21585      0.793729
1173      1.22701      0.859718
1174      1.22452      0.813955
1175      1.22919      0.83569
1176      1.23825      0.877811
1177      1.2653      0.904762
1178      1.28419      0.941476
1179      1.27928      0.921442
1180      1.36609      1.0514
1181      1.36151      1.03371
1182      1.29644      0.96105
1183      1.33798      1.00307
1184      1.35684      1.0157
1185      1.225      0.7
1186      1.31771      0.969771
1187      1.33401      0.983961
1188      1.26116      0.883743
1189      1.22978      0.724273
1190      1.23242      0.749409
1191      1.23601      0.773243
1192      1.24792      0.793518
1193      1.24648      0.842935
1194      1.24819      0.817819
1195      1.264      0.859099
1196      1.28576      0.901019
1197      1.28209      0.880372
1198      1.30375      0.936987
1199      1.2936      0.914662
1200      1.38273      1.04455
1201      1.37857      1.02721
1202      1.31449      0.949422
1203      1.35205      0.99725
1204      1.37433      1.00956
1205      1.25      0.7
1206      1.34229      0.959602
1207      1.35238      0.978511
1208      1.25424      0.723819
1209      1.25847      0.747598
1210      1.2657      0.769237
1211      1.27081      0.791757
1212      1.27057      0.815639
1213      1.27451      0.837761
1214      1.28541      0.85612
1215      1.30791      0.907883
1216      1.30455      0.886655
1217      1.30108      0.864717
1218      1.3217      0.924744
1219      1.39937      1.03776
1220      1.39673      1.01971
1221      1.33722      0.940018
1222      1.37001      0.991584
1223      1.39134      1.00131
1224      1.275      0.7
1225      1.36112      0.954562
1226      1.36561      0.973267
1227      1.28487      0.804423
1228      1.34146      0.920434
1229      1.27892      0.724743
1230      1.28281      0.74935
1231      1.29326      0.770448
1232      1.29916      0.793206
1233      1.29398      0.819851
1234      1.29758      0.84261
1235      1.32156      0.879612
1236      1.33762      0.90004
1237      1.31609      0.8585
1238      1.416      1.03106
1239      1.41248      1.0134
1240      1.35651      0.935363
1241      1.38721      0.982537
1242      1.40889      0.995381
1243      1.3      0.7
1244      1.38299      0.963377
1245      1.37107      0.939542
1246      1.35562      0.911926
1247      1.30989      0.828538
1248      1.30561      0.723352
1249      1.31118      0.746575
1250      1.31325      0.770448
1251      1.32195      0.791416
1252      1.32716      0.813106
1253      1.32581      0.837226
1254      1.33732      0.855443
1255      1.34229      0.876142
1256      1.35141      0.891299
1257      1.43264      1.02451
1258      1.42957      1.00722
1259      1.37426      0.92373
1260      1.40522      0.976994
1261      1.42644      0.98958
1262      1.325      0.7
1263      1.40148      0.958229
1264      1.38562      0.943721
1265      1.36979      0.903419
1266      1.32916      0.724812
1267      1.33567      0.74845
1268      1.33728      0.773319
1269      1.34123      0.796838
1270      1.34509      0.819885
1271      1.35575      0.839666
1272      1.35257      0.864569
1273      1.3652      0.882558
1274      1.44928      1.01811
1275      1.44507      1.00007
1276      1.39374      0.919386
1277      1.41916      0.971577
1278      1.44363      0.981622
1279      1.35      0.7
1280      1.41448      0.953201
1281      1.40113      0.939082
1282      1.38977      0.899485
1283      1.3857      0.879038
1284      1.35597      0.723441
1285      1.35948      0.747536
1286      1.36388      0.794985
1287      1.36407      0.77056
1288      1.373      0.815346
1289      1.37731      0.836993
1290      1.38156      0.858299
1291      1.46592      1.01192
1292      1.4636      0.994268
1293      1.41324      0.915285
1294      1.44071      0.962759
1295      1.45837      0.976212
1296      1.375      0.7
1297      1.43185      0.943469
1298      1.41664      0.934442
1299      1.40619      0.875608
1300      1.40975      0.895649
1301      1.37916      0.72344
1302      1.38329      0.746651
1303      1.39124      0.791428
1304      1.39191      0.772409
1305      1.3951      0.813169
1306      1.40771      0.840083
1307      1.41279      0.86182
1308      1.48256      1.00597
1309      1.47931      0.988686
1310      1.43153      0.903521
1311      1.42721      0.923579
1312      1.45881      0.957745
1313      1.45048      0.938854
1314      1.47598      0.97101
1315      1.4      0.7
1316      1.42831      0.882776
1317      1.41831      0.818185
1318      1.4038      0.72455
1319      1.41012      0.747887
1320      1.4198      0.793705
1321      1.41503      0.77111
1322      1.42906      0.837512
1323      1.43356      0.858826
1324      1.4992      1.00027
1325      1.49623      0.982143
1326      1.45121      0.899761
1327      1.44639      0.91953
1328      1.4691      0.934422
1329      1.47691      0.952926
1330      1.49318      0.963562
1331      1.425      0.7
1332      1.44853      0.879373
1333      1.44022      0.816035
1334      1.42816      0.724114
1335      1.43385      0.747059
1336      1.43729      0.793705
1337      1.43814      0.769874
1338      1.45041      0.835057
1339      1.45434      0.855966
1340      1.51584      0.994858
1341      1.51338      0.977106
1342      1.46554      0.915486
1343      1.46437      0.881849
1344      1.47087      0.89611
1345      1.48423      0.92775
1346      1.49006      0.944512
1347      1.50781      0.9589
1348      1.45      0.7
1349      1.46213      0.813986
1350      1.45549      0.724579
1351      1.46087      0.748686
1352      1.45172      0.783014
1353      1.46584      0.796651
1354      1.46615      0.772323
1355      1.4732      0.841578
1356      1.47009      0.858249
1357      1.53248      0.989762
1358      1.52903      0.972363
1359      1.48358      0.904925
1360      1.4802      0.884325
1361      1.49936      0.921078
1362      1.50827      0.940229
1363      1.52853      0.954513
1364      1.475      0.7
1365      1.48003      0.814802
1366      1.4798      0.724211
1367      1.48174      0.748686
1368      1.48817      0.795072
1369      1.48913      0.771217
1370      1.48584      0.860532
1371      1.49428      0.839217
1372      1.54912      0.985003
1373      1.54767      0.967936
1374      1.50289      0.90141
1375      1.5001      0.881231
1376      1.51812      0.917409
1377      1.52185      0.936199
1378      1.54316      0.95042
1379      1.5      0.7
1380      1.49793      0.815618
1381      1.50411      0.723868
1382      1.50537      0.747947
1383      1.50798      0.771217
1384      1.51049      0.793595
1385      1.50633      0.857954
1386      1.52327      0.835037
1387      1.56576      0.980603
1388      1.56474      0.96254
1389      1.51825      0.898219
1390      1.51518      0.878392
1391      1.53688      0.913989
1392      1.54467      0.932441
1393      1.56083      0.946638
1394      1.525      0.7
1395      1.51964      0.813978
1396      1.55826      0.928971
1397      1.52842      0.723554
1398      1.529      0.747261
1399      1.5328      0.792224
1400      1.53506      0.769244
1401      1.52681      0.855559
1402      1.54133      0.812398
1403      1.54434      0.833141
1404      1.5824      0.97658
1405      1.58032      0.958823
1406      1.53361      0.895028
1407      1.53025      0.875553
1408      1.55562      0.910831
1409      1.57818      0.940535
1410      1.55      0.7
1411      1.57597      0.921702
1412      1.55142      0.725367
1413      1.55879      0.748934
1414      1.55548      0.797631
1415      1.55859      0.773353
1416      1.54727      0.853348
1417      1.55676      0.820294
1418      1.55801      0.842551
1419      1.59904      0.972951
1420      1.5975      0.955472
1421      1.55013      0.873026
1422      1.56038      0.884836
1423      1.5737      0.902313
1424      1.59592      0.937461
1425      1.58933      0.918906
1426      1.575      0.7
1427      1.58925      0.899938
1428      1.57718      0.724781
1429      1.58231      0.748442
1430      1.58139      0.772563
1431      1.57235      0.795961
1432      1.57465      0.818291
1433      1.56896      0.861818
1434      1.57498      0.839013
1435      1.61569      0.96973
1436      1.61309      0.952496
1437      1.57562      0.882478
1438      1.61259      0.916425
1439      1.61365      0.934732
1440      1.6048      0.897563
1441      1.6      0.7
1442      1.59087      0.88012
1443      1.60295      0.724324
1444      1.60282      0.748442
1445      1.60417      0.771775
1446      1.58922      0.794291
1447      1.59574      0.837526
1448      1.59254      0.816287
1449      1.58908      0.859863
1450      1.63233      0.966927
1451      1.63186      0.949908
1452      1.63088      0.914269
1453      1.62369      0.895623
1454      1.63138      0.93236
1455      1.61036      0.878133
1456      1.625      0.7
1457      1.61675      0.759713
1458      1.62567      0.724324
1459      1.62932      0.747652
1460      1.6314      0.770636
1461      1.62757      0.793514
1462      1.60548      0.794291
1463      1.6092      0.858124
1464      1.61035      0.815753
1465      1.6165      0.836237
1466      1.64897      0.964551
1467      1.64904      0.947714
1468      1.64425      0.912441
1469      1.64587      0.930348
1470      1.64258      0.893978
1471      1.62984      0.87641
1472      1.65      0.7
1473      1.64932      0.874948
1474      1.64991      0.724145
1475      1.65282      0.747357
1476      1.64964      0.792787
1477      1.65417      0.770191
1478      1.62816      0.815219
1479      1.64606      0.814104
1480      1.63908      0.85534
1481      1.63725      0.835142
1482      1.66561      0.962608
1483      1.66462      0.94592
1484      1.6636      0.928703
1485      1.66254      0.910945
1486      1.66145      0.892633
1487      1.675      0.7
1488      1.65917      0.854294
1489      1.66456      0.873887
1490      1.67566      0.723884
1491      1.67631      0.747127
1492      1.66396      0.812989
1493      1.67755      0.791731
1494      1.6814      0.769605
1495      1.65798      0.834246
1496      1.68226      0.9611
1497      1.6818      0.944527
1498      1.68132      0.927427
1499      1.67592      0.909785
1500      1.68033      0.891588
1501      1.7      0.7
1502      1.6732      0.843677
1503      1.6798      0.872825
1504      1.68535      0.812582
1505      1.70142      0.723754
1506      1.6998      0.747128
1507      1.68723      0.83306
1508      1.69961      0.791408
1509      1.69971      0.769605
1510      1.6989      0.960028
1511      1.69739      0.943537
1512      1.69421      0.90896
1513      1.69904      0.92652
1514      1.69505      0.872297
1515      1.69919      0.890847
1516      1.725      0.7
1517      1.68906      0.852908
1518      1.70673      0.812332
1519      1.72566      0.723737
1520      1.7263      0.746998
1521      1.72247      0.769458
1522      1.70796      0.83276
1523      1.72753      0.791146
1524      1.71456      0.942946
1525      1.71555      0.959388
1526      1.7174      0.908467
1527      1.71676      0.925977
1528      1.70914      0.85256
1529      1.7103      0.87177
1530      1.71474      0.890551
1531      1.75      0.7
1532      1.74837      0.723738
1533      1.72451      0.812291
1534      1.775      0.7
1535      1.74979      0.747029
1536      1.8      0.7
1537      1.74969      0.769456
1538      1.74374      0.791141
1539      1.72433      0.852502
1540      1.72868      0.832665
1541      1.74229      0.81225
1542      1.73332      0.942749
1543      1.73219      0.959175
1544      1.73126      0.925797
1545      1.73028      0.890256
1546      1.73078      0.908303
1547      1.73821      0.871639
1548      1.77565      0.723879
1549      1.77327      0.747124
1550      1.79836      0.723879
1551      1.8226      0.723987
1552      1.825      0.7
1553      1.75731      0.801857
1554      1.7769      0.769829
1555      1.77165      0.7914
1556      1.73952      0.852445
1557      1.7494      0.832761
1558      1.77088      0.812572
1559      1.74898      0.925971
1560      1.74891      0.942939
1561      1.74883      0.959381
1562      1.74906      0.908462
1563      1.74914      0.890399
1564      1.76025      0.872148
1565      1.79978      0.747334
1566      1.79522      0.769829
1567      1.84684      0.724124
1568      1.82327      0.747609
1569      1.85      0.7
1570      1.79957      0.792142
1571      1.79226      0.812959
1572      1.7694      0.852892
1573      1.77013      0.833047
1574      1.79085      0.833513
1575      1.76244      0.908936
1576      1.7667      0.926492
1577      1.76608      0.943506
1578      1.76548      0.959993
1579      1.76801      0.890825
1580      1.77971      0.872771
1581      1.81798      0.770155
1582      1.84976      0.748324
1583      1.8726      0.724482
1584      1.83646      0.759624
1585      1.875      0.7
1586      1.9      0.7
1587      1.87027      0.748324
1588      1.78355      0.891659
1589      1.81365      0.8135
1590      1.82163      0.792691
1591      1.81158      0.834163
1592      1.78949      0.853437
1593      1.78563      0.909713
1594      1.78325      0.944436
1595      1.78443      0.927346
1596      1.78212      0.960999
1597      1.79918      0.873633
1598      1.84965      0.771639
1599      1.83786      0.792691
1600      1.86798      0.771639
1601      1.88887      0.754216
1602      1.89286      0.717996
1603      1.91667      0.716797
1604      1.925      0.7
1605      1.79909      0.892493
1606      1.95      0.7
1607      1.83504      0.814185
1608      1.83232      0.834984
1609      1.81936      0.855148
1610      1.80392      0.910786
1611      1.79892      0.928523
1612      1.79884      0.945717
1613      1.79876      0.962383
1614      1.81865      0.874721
1615      1.86578      0.794114
1616      1.85075      0.804324
1617      1.88505      0.788827
1618      1.89339      0.771751
1619      1.91071      0.735993
1620      1.91519      0.75393
1621      1.94375      0.718896
1622      1.81796      0.893714
1623      1.96667      0.716797
1624      1.975      0.7
1625      2      0.7
1626      1.86364      0.815957
1627      1.84933      0.837107
1628      1.83946      0.856293
1629      1.81664      0.930006
1630      1.81729      0.912138
1631      1.8176      0.94733
1632      1.8154      0.964125
1633      1.83813      0.876025
1634      1.8335      0.895288
1635      1.8832      0.805569
1636      1.90349      0.794789
1637      1.91968      0.771867
1638      1.9375      0.75039
1639      1.96      0.745351
1640      1.98333      0.733593
1641      2      0.725195
1642      1.88352      0.824433
1643      1.87132      0.841331
1644      1.85956      0.857616
1645      1.85761      0.877531
1646      1.83437      0.931779
1647      1.83558      0.913756
1648      1.83319      0.949257
1649      1.83205      0.966204
1650      1.84904      0.896862
1651      1.89683      0.815641
1652      1.9377      0.796843
1653      1.92387      0.811502
1654      1.94643      0.771985
1655      1.98125      0.756688
1656      1.96667      0.767186
1657      2      0.75039
1658      1.91047      0.825713
1659      1.89748      0.839482
1660      1.88657      0.855229
1661      1.87601      0.870483
1662      1.87427      0.885288
1663      1.84895      0.915622
1664      1.85209      0.933823
1665      1.85036      0.951477
1666      1.84869      0.968599
1667      1.86676      0.90396
1668      1.96429      0.789982
1669      1.96448      0.813486
1670      1.94101      0.823945
1671      1.92749      0.837816
1672      1.98333      0.783983
1673      2      0.775584
1674      1.9144      0.851245
1675      1.86473      0.940083
1676      1.90287      0.865994
1677      1.89093      0.893046
1678      1.86848      0.923573
1679      1.86274      0.957689
1680      1.86533      0.971282
1681      1.88448      0.911057
1682      1.98214      0.807978
1683      1.96466      0.836511
1684      1.94423      0.850319
1685      1.93131      0.863007
1686      2      0.800779
1687      1.87736      0.946343
1688      1.91995      0.879855
1689      1.90892      0.896217
1690      1.9022      0.918155
1691      1.88802      0.931524
1692      1.87945      0.961328
1693      1.88197      0.974228
1694      2      0.825974
1695      1.98207      0.842874
1696      1.96485      0.859109
1697      1.94823      0.87477
1698      1.89088      0.948493
1699      1.94282      0.895542
1700      1.92537      0.909084
1701      1.90453      0.936316
1702      1.91877      0.923619
1703      1.89616      0.962459
1704      1.89861      0.977408
1705      2      0.851169
1706      1.98012      0.866597
1707      1.96538      0.882048
1708      1.90879      0.951736
1709      1.96156      0.908236
1710      1.94326      0.916352
1711      1.92701      0.936879
1712      1.91292      0.966698
1713      1.91525      0.980792
1714      2      0.876364
1715      1.98028      0.892717
1716      1.9237      0.952399
1717      1.93833      0.948754
1718      1.98034      0.916267
1719      1.96807      0.931409
1720      1.95358      0.944956
1721      1.92971      0.971569
1722      1.93189      0.984348
1723      2      0.901559
1724      1.94532      0.961619
1725      2      0.926753
1726      1.9805      0.943242
1727      1.97183      0.960296
1728      1.94853      0.988043
1729      1.96357      0.977495
1730      2      0.951948
1731      1.9807      0.977244
1732      1.96516      0.991846
1733      2      0.97696
1734      1.9818      0.99572
1735      2      1
