0      10      1
1      10      0.2
2      10      0.9
3      10      0.8
4      9.9      1
5      10      0
6      10      0.3
7      10      0.4
8      10      0.5
9      10      0.1
10      9.925      0.225
11      9.93333      0.133333
12      9.85      0.925
13      10      0.7
14      10      0.6
15      9.9      0.85
16      9.92      0.76
17      9.8      1
18      9.9      0
19      9.93333      0.333333
20      9.92857      0.428571
21      9.92857      0.571429
22      9.86667      0.266667
23      9.86667      0.0666667
24      9.84      0.18
25      9.76      0.88
26      9.86667      0.666667
27      9.81766      0.555159
28      9.8      0.75
29      9.7      1
30      9.66667      0.933333
31      9.8      0
32      9.85714      0.357143
33      9.86032      0.460317
34      9.78571      0.285714
35      9.72063      0.248413
36      9.775      0.075
37      9.73333      0.166667
38      9.64286      0.857143
39      9.71429      0.785714
40      9.775      0.65
41      9.74038      0.521627
42      9.7      0.7
43      9.6      1
44      9.57143      0.928571
45      9.57143      0.828571
46      9.7      0
47      9.76786      0.392857
48      9.69048      0.32381
49      9.65556      0.211111
50      9.66667      0.0833333
51      9.60714      0.742857
52      9.68333      0.583333
53      9.6631      0.488095
54      9.6      0.65
55      9.5      1
56      9.5      0.9
57      9.5      0.8
58      9.6      0
59      9.57143      0.0714286
60      9.64286      0.392857
61      9.59524      0.295238
62      9.56444      0.188889
63      9.5      0.7
64      9.59167      0.541667
65      9.57143      0.446429
66      9.5      0.6
67      9.41      0.9
68      9.4      1
69      9.4      0.8
70      9.4      0.7
71      9.5      0
72      9.49      0.1
73      9.5      0.3
74      9.5      0.4
75      9.48      0.2
76      9.4      0.6
77      9.5      0.5
78      9.32      0.6
79      9.3      1
80      9.3      0.9
81      9.3      0.8
82      9.3      0.7
83      9.4      0
84      9.4      0.1
85      9.4      0.3
86      9.4      0.4
87      9.4      0.2
88      9.35      0.5
89      9.24      0.6
90      9.2      1
91      9.19      0.9
92      9.24      0.75
93      9.18      0.8
94      9.17      0.7
95      9.3      0
96      9.29      0.1
97      9.3      0.4
98      9.3      0.3
99      9.28      0.2
100      9.2      0.5
101      9.16      0.6
102      9.1      1
103      9.09      0.9
104      9.08      0.8
105      9.08      0.6
106      9.07      0.7
107      9.2      0.2
108      9.2      0
109      9.1      0
110      9.2      0.1
111      9.2      0.4
112      9.2      0.3
113      9.1      0.5
114      9      0
115      9      1
116      9      0.9
117      9      0.8
118      9      0.6
119      8.985      0.7
120      9.1      0.3
121      9.1      0.2
122      9.1      0.1
123      9.1      0.4
124      9.03      0.45
125      9      0.1
126      8.9      0
127      8.9      0.1
128      8.9      1
129      8.91      0.9
130      8.92      0.8
131      8.8      0
132      8.95      0.5
133      8.9      0.7
134      8.9      0.6
135      9      0.3
136      9      0.2
137      8.96      0.4
138      8.9      0.2
139      8.8      0.1
140      8.8      0.9
141      8.8      1
142      8.8      0.8
143      8.8      0.7
144      8.74      0.75
145      8.7      0
146      8.85      0.5
147      8.82      0.6
148      8.84      0.25
149      8.84      0.4
150      8.9      0.3
151      8.78      0.2
152      8.7      0.1
153      8.71      0.9
154      8.7      1
155      8.68      0.8
156      8.74      0.6
157      8.67      0.7
158      8.6      0
159      8.75      0.5
160      8.76      0.4
161      8.59      0.1
162      8.77      0.3
163      8.7      0.2
164      8.705      0.35
165      8.6      0.9
166      8.6      1
167      8.6      0.8
168      8.67      0.55
169      8.6      0.6
170      8.585      0.7
171      8.5      0
172      8.5      0.1
173      8.64      0.4
174      8.5      0.2
175      8.58      0.2
176      8.63      0.3
177      8.51      0.9
178      8.5      1
179      8.5      0.8
180      8.565      0.35
181      8.6      0.5
182      8.5      0.7
183      8.5      0.6
184      8.4      0
185      8.4      0.1
186      8.4      0.2
187      8.5      0.4
188      8.5      0.3
189      8.4      0.3
190      8.4      1
191      8.4      0.8
192      8.4      0.9
193      8.45      0.5
194      8.4      0.7
195      8.4      0.6
196      8.3      0
197      8.3      0.1
198      8.34      0.25
199      8.28      0.2
200      8.4      0.4
201      8.335      0.35
202      8.3      1
203      8.3      0.9
204      8.3      0.7
205      8.3      0.8
206      8.35      0.5
207      8.3      0.6
208      8.2      0
209      8.2      0.1
210      8.27      0.3
211      8.2      0.2
212      8.195      0.35
213      8.26      0.4
214      8.2      0.6
215      8.2      0.8
216      8.2      1
217      8.19      0.9
218      8.2      0.7
219      8.25      0.5
220      8.1      0.1
221      8.1      0
222      8.1      0.2
223      8.13      0.3
224      8.15      0.5
225      8.065      0.35
226      8.14      0.4
227      8.12      0.6
228      8.1      0.8
229      8.1      0.9
230      8.1      1
231      8.1      0.7
232      8      0
233      8      0.1
234      8      0.2
235      8      0.3
236      8.05      0.5
237      8      0.4
238      8.04      0.6
239      8.02      0.8
240      8      1
241      8.01      0.9
242      7.97      0.7
243      7.9      0
244      7.9      0.1
245      7.9      0.2
246      7.9      0.3
247      7.96      0.6
248      7.9      0.4
249      7.95      0.5
250      7.9      0.8
251      7.9      1
252      7.9      0.9
253      7.905      0.65
254      7.9025      0.725
255      7.8      0.1
256      7.8      0
257      7.8      0.2
258      7.8      0.3
259      7.7      0.2
260      7.8      1
261      7.8      0.4
262      7.84      0.6
263      7.85      0.5
264      7.82      0.8
265      7.81      0.9
266      7.77      0.7
267      7.7      0.1
268      7.7      0
269      7.76      0.6
270      7.7      1
271      7.72      0.4
272      7.7      0.3
273      7.62      0.2
274      7.7      0.9
275      7.75      0.5
276      7.685      0.7
277      7.7      0.8
278      7.61      0.1
279      7.6      0
280      7.68      0.6
281      7.6      1
282      7.64      0.4
283      7.6      0.3
284      7.52      0.2
285      7.59      0.9
286      7.6      0.5
287      7.6      0.7
288      7.58      0.8
289      7.5      0
290      7.51      0.1
291      7.6      0.6
292      7.5      1
293      7.455      0.15
294      7.54      0.4
295      7.5      0.5
296      7.5      0.3
297      7.44      0.25
298      7.5      0.9
299      7.5      0.6
300      7.5      0.7
301      7.5      0.8
302      7.4      0
303      7.39      0.1
304      7.4      1
305      7.4      0.9
306      7.38      0.2
307      7.44      0.4
308      7.4      0.5
309      7.37      0.3
310      7.4      0.8
311      7.4      0.6
312      7.4      0.7
313      7.3      0.5
314      7.3      0
315      7.3      0.1
316      7.3      1
317      7.29      0.9
318      7.3      0.2
319      7.285      0.3
320      7.3      0.4
321      7.3      0.7
322      7.28      0.8
323      7.3      0.6
324      7.225      0.5
325      7.2      0
326      7.21      0.1
327      7.2      1
328      7.2      0.9
329      7.18      0.2
330      7.2      0.3
331      7.2      0.4
332      7.2      0.8
333      7.2      0.7
334      7.2      0.6
335      7.15      0.5
336      7.1      0.2
337      7.1      0
338      7.1      0.1
339      7      0
340      7.1      1
341      7.1      0.9
342      7.1      0.8
343      7.1      0.3
344      7.1      0.4
345      7.1      0.7
346      7.1      0.6
347      7      0.5
348      7.02      0.2
349      7      0.3
350      7.01      0.1
351      7.035      0.65
352      7      1
353      6.9      0
354      7      0.9
355      7      0.8
356      7      0.4
357      6.97      0.7
358      6.96      0.6
359      6.93      0.45
360      6.89      0.1
361      6.9      0.3
362      6.9      0.2
363      6.9      1
364      6.8      0
365      6.8      0.1
366      6.9      0.9
367      6.9      0.8
368      6.86      0.4
369      6.89      0.725
370      6.88      0.65
371      6.85      0.5
372      6.8      0.2
373      6.8      0.3
374      6.74      0.25
375      6.8      1
376      6.79      0.9
377      6.7      0
378      6.71      0.1
379      6.74      0.4
380      6.8      0.8
381      6.775      0.5
382      6.8      0.7
383      6.8      0.6
384      6.68      0.2
385      6.67      0.3
386      6.7      1
387      6.7      0.9
388      6.7      0.8
389      6.6      0.2
390      6.6      0
391      6.6      0.1
392      6.7      0.5
393      6.66      0.4
394      6.7      0.7
395      6.7      0.6
396      6.59      0.275
397      6.59      0.425
398      6.58      0.35
399      6.6      0.7
400      6.6      1
401      6.6      0.9
402      6.58      0.8
403      6.5      0.2
404      6.5      0
405      6.5      0.1
406      6.6      0.5
407      6.6      0.6
408      6.5      0.5
409      6.5      0.3
410      6.5      0.4
411      6.5      0.7
412      6.5      0.8
413      6.5      1
414      6.49      0.9
415      6.42      0.2
416      6.4      0
417      6.41      0.1
418      6.5      0.6
419      6.43      0.55
420      6.4      0.4
421      6.4      0.3
422      6.35      0.5
423      6.4      0.7
424      6.4      0.8
425      6.4      0.9
426      6.4      1
427      6.3      0
428      6.3      0.2
429      6.3      0.1
430      6.36      0.6
431      6.32      0.4
432      6.3      0.3
433      6.275      0.5
434      6.34      0.75
435      6.27      0.7
436      6.28      0.8
437      6.3      0.9
438      6.3      1
439      6.2      0
440      6.22      0.2
441      6.2      0.1
442      6.26      0.6
443      6.24      0.4
444      6.2      0.3
445      6.2      0.5
446      6.1      0
447      6.205      0.65
448      6.2      0.8
449      6.13      0.7
450      6.2      0.9
451      6.2      1
452      6.1      0.1
453      6.1      0.2
454      6.1      0.3
455      6.14      0.6
456      6.1      0.5
457      6.1      0.4
458      6      0
459      6.065      0.65
460      6.12      0.8
461      6.06      0.75
462      6.11      0.9
463      6.1      1
464      5.98      0.2
465      5.99      0.1
466      6      0.3
467      6      0.4
468      6      0.6
469      6      0.5
470      5.9      0
471      6      0.7
472      6      0.8
473      6      0.9
474      6      1
475      5.9      0.2
476      5.9      0.1
477      5.87      0.3
478      5.935      0.35
479      5.93      0.45
480      5.9125      0.625
481      5.925      0.55
482      5.8      0
483      5.9      0.7
484      5.9      0.8
485      5.9      0.9
486      5.9      1
487      5.8      0.2
488      5.79      0.1
489      5.785      0.3
490      5.86      0.4
491      5.85      0.5
492      5.84      0.6
493      5.7      0.1
494      5.7      0
495      5.8      0.9
496      5.8      0.7
497      5.8      0.8
498      5.8      1
499      5.7      0.2
500      5.7      0.3
501      5.76      0.4
502      5.775      0.5
503      5.7      0.6
504      5.6      0.2
505      5.6      0.1
506      5.6      0
507      5.71      0.9
508      5.7      0.7
509      5.7      0.8
510      5.7      1
511      5.6      0.3
512      5.64      0.4
513      5.7      0.5
514      5.6      0.6
515      5.6      0.7
516      5.52      0.2
517      5.51      0.1
518      5.5      0
519      5.4      0
520      5.6      0.9
521      5.6      0.8
522      5.6      1
523      5.47      0.3
524      5.54      0.4
525      5.55      0.5
526      5.5      0.6
527      5.5      0.7
528      5.4      0.2
529      5.385      0.3
530      5.4      0.1
531      5.3      0
532      5.5      0.9
533      5.5      0.8
534      5.5      1
535      5.46      0.4
536      5.45      0.5
537      5.34      0.4
538      5.4      0.6
539      5.4      0.8
540      5.4      0.7
541      5.3      0.3
542      5.29      0.1
543      5.3      0.2
544      5.2      0
545      5.41      0.9
546      5.4      1
547      5.35      0.5
548      5.26      0.4
549      5.3      0.9
550      5.32      0.6
551      5.3      0.7
552      5.3      0.8
553      5.2      0.3
554      5.2      0.1
555      5.18      0.2
556      5.1      0
557      5.3      1
558      5.25      0.5
559      5.18      0.4
560      5.2      0.9
561      5.2      0.8
562      5.24      0.6
563      5.215      0.7
564      5.1      0.3
565      5.1      0.1
566      5.1      0.2
567      5      0
568      5.2      1
569      5.1      0.4
570      5.15      0.5
571      5.11      0.9
572      5.13      0.7
573      5.12      0.8
574      5.14      0.6
575      5.015      0.3
576      5      0.1
577      5      0.2
578      4.9      0
579      4.91      0.1
580      5.1      1
581      5.02      0.8
582      5      0.4
583      5.05      0.5
584      5.01      0.9
585      5.03      0.7
586      5      0.6
587      4.93      0.3
588      4.92      0.2
589      4.845      0.15
590      4.8      0
591      4.79      0.1
592      5      1
593      4.96      0.75
594      4.945      0.85
595      4.92      0.4
596      4.95      0.5
597      4.84      0.4
598      4.89      0.9
599      4.9      0.7
600      4.9      0.6
601      4.83      0.3
602      4.78      0.2
603      4.7      0
604      4.7      0.1
605      4.9      1
606      4.88      0.8
607      4.8      1
608      4.85      0.5
609      4.76      0.4
610      4.8      0.9
611      4.8      0.6
612      4.8      0.7
613      4.7      0.2
614      4.695      0.35
615      4.6975      0.275
616      4.6      0
617      4.6      0.1
618      4.8      0.8
619      4.7      1
620      4.75      0.5
621      4.7      0.6
622      4.64      0.4
623      4.7      0.9
624      4.7      0.7
625      4.7      0.8
626      4.6      0.2
627      4.63      0.3
628      4.565      0.35
629      4.5      0
630      4.49      0.1
631      4.6      1
632      4.65      0.5
633      4.62      0.65
634      4.57      0.45
635      4.53      0.7
636      4.6      0.9
637      4.6      0.8
638      4.61      0.725
639      4.48      0.2
640      4.5      0.3
641      4.5      0.4
642      4.4      0
643      4.38      0.2
644      4.39      0.1
645      4.5      1
646      4.51      0.9
647      4.5      0.5
648      4.54      0.6
649      4.465      0.65
650      4.46      0.75
651      4.52      0.8
652      4.37      0.3
653      4.4      0.4
654      4.4      0.5
655      4.3      0
656      4.3      0.2
657      4.3      0.1
658      4.4      1
659      4.41      0.9
660      4.4      0.6
661      4.4      0.7
662      4.4      0.8
663      4.285      0.3
664      4.3      0.4
665      4.33      0.55
666      4.2      0
667      4.2      0.1
668      4.2      0.3
669      4.2      0.2
670      4.3      1
671      4.31      0.9
672      4.335      0.65
673      4.34      0.75
674      4.28      0.8
675      4.2      0.4
676      4.12      0.4
677      4.26      0.6
678      4.25      0.5
679      4.1      0.1
680      4.1      0
681      4.1      0.3
682      4.1      0.2
683      4      0
684      4.04      0.4
685      4.2      1
686      4.2      0.9
687      4.27      0.7
688      4.2      0.8
689      4.1      0.5
690      4.18      0.6
691      4.01      0.1
692      4      0.2
693      4      0.3
694      3.9      0
695      4.1      1
696      3.94      0.4
697      4      0.5
698      4.1      0.9
699      4.13      0.7
700      4.1      0.8
701      4.1      0.6
702      3.89      0.1
703      3.92      0.2
704      3.86      0.4
705      3.87      0.3
706      3.8      0
707      3.79      0.1
708      4      1
709      4      0.9
710      3.925      0.5
711      4      0.6
712      4      0.8
713      4      0.7
714      3.85      0.5
715      3.78      0.2
716      3.78      0.4
717      3.785      0.3
718      3.7      0
719      3.69      0.1
720      3.9      1
721      3.9      0.9
722      3.9      0.6
723      3.9      0.7
724      3.9      0.8
725      3.8      0.6
726      3.75      0.5
727      3.68      0.2
728      3.7      0.4
729      3.7      0.3
730      3.6      0
731      3.6      0.1
732      3.8      1
733      3.8      0.9
734      3.8      0.7
735      3.8      0.8
736      3.7      0.6
737      3.65      0.5
738      3.6      0.2
739      3.6      0.4
740      3.6      0.3
741      3.5      0.1
742      3.5      0
743      3.5      0.2
744      3.7      0.9
745      3.7      0.8
746      3.7      1
747      3.7      0.7
748      3.635      0.65
749      3.56      0.6
750      3.55      0.5
751      3.5      0.3
752      3.5      0.4
753      3.4      0.1
754      3.4      0
755      3.4      0.2
756      3.4      0.3
757      3.3      0
758      3.6      0.8
759      3.6      0.9
760      3.6      1
761      3.4725      0.575
762      3.57      0.7
763      3.495      0.65
764      3.45      0.5
765      3.4      0.4
766      3.31      0.1
767      3.3      0.2
768      3.3      0.3
769      3.2      0
770      3.5      0.8
771      3.5      0.9
772      3.5      1
773      3.4      0.6
774      3.43      0.7
775      3.35      0.5
776      3.19      0.1
777      3.235      0.35
778      3.3      0.4
779      3.17      0.3
780      3.2      0.2
781      3.1      0
782      3.42      0.8
783      3.36      0.75
784      3.41      0.9
785      3.4      1
786      3.3      0.6
787      3.3      0.7
788      3.25      0.5
789      3.09      0.1
790      3.16      0.4
791      3.085      0.3
792      3.08      0.2
793      3      0
794      3.3      0.8
795      3.3      0.9
796      3.3      1
797      3.22      0.6
798      3.2      0.8
799      3.2      0.7
800      3.15      0.5
801      3      0.1
802      3.08      0.4
803      3      0.3
804      3      0.2
805      2.92857      0.0714286
806      2.9      0
807      2.7      0
808      2.8      0
809      3.2      0.9
810      3.2      1
811      3.1      0.8
812      3.14      0.6
813      3.115      0.7
814      3.05      0.5
815      2.91667      0.166667
816      3      0.4
817      2.94643      0.353571
818      2.91667      0.266667
819      2.5      0
820      2.6      0
821      2.83333      0.133333
822      2.63333      0.0666667
823      2.74      0.12
824      3.1      0.9
825      3.1      1
826      3.02      0.8
827      3.03      0.7
828      3.04      0.6
829      2.98429      0.539286
830      2.92857      0.478571
831      2.83333      0.233333
832      2.89286      0.407143
833      2.83333      0.333333
834      2.5      0.1
835      2.75      0.2
836      2.56667      0.133333
837      2.65      0.15
838      3.01      0.9
839      3      1
840      2.94857      0.728571
841      2.93857      0.828571
842      2.93143      0.638095
843      2.82143      0.485714
844      2.85714      0.557143
845      2.75      0.3
846      2.78571      0.414286
847      2.5      0.2
848      2.66667      0.266667
849      2.575      0.225
850      2.92857      0.928571
851      2.9      1
852      2.87048      0.72381
853      2.85714      0.857143
854      2.78571      0.635714
855      2.7619      0.532738
856      2.69048      0.500595
857      2.67857      0.421429
858      2.67262      0.344048
859      2.5      0.3
860      2.58333      0.333333
861      2.82857      0.928571
862      2.78571      0.710714
863      2.8      1
864      2.78571      0.785714
865      2.71429      0.714286
866      2.75      0.916667
867      2.70238      0.579762
868      2.61905      0.52381
869      2.57143      0.428571
870      2.5      0.4
871      2.63333      0.666667
872      2.7      1
873      2.66      0.9
874      2.65      0.75
875      2.7      0.833333
876      2.56667      0.583333
877      2.5      0.5
878      2.575      0.725
879      2.6      1
880      2.58      0.9
881      2.56      0.8
882      2.5      0.7
883      2.42      0.6
884      2.4      0.5
885      2.42      0.7
886      2.5      1
887      2.5      0.9
888      2.46      0.8
889      2.34      0.7
890      2.3      0.5
891      2.3      0.6
892      2.36      0.8
893      2.4      1
894      2.38      0.9
895      2.26      0.7
896      2.28      0.8
897      2.18      0.6
898      2.2      0.5
899      2.3      0.9
900      2.3      1
901      2.1      0.6
902      2.2      0.8
903      2.16      0.7
904      2.22      0.9
905      2.1      0.5
906      2.2      1
907      2.02      0.6
908      2.08      0.7
909      2.1      0.8
910      2.08      0.9
911      2.1      1
912      2      0.5
913      2      0.7
914      2      0.9
915      2      0.4
916      1.92857      0.428571
917      1.93333      0.583333
918      2      0.8
919      2      1
920      1.86032      0.539683
921      1.92      0.7
922      1.925      0.775
923      2      0.3
924      1.92      0.9
925      1.86667      0.333333
926      1.81766      0.457341
927      1.85714      0.642857
928      1.8825      0.8375
929      1.9      1
930      1.76786      0.607143
931      1.7256      0.511905
932      1.85      0.75
933      2      0.2
934      1.925      0.225
935      1.84      0.9
936      1.775      0.375
937      1.8      0.25
938      1.68333      0.416667
939      1.78571      0.714286
940      1.8      0.833333
941      1.8      1
942      1.71429      0.660714
943      1.64286      0.607143
944      1.58929      0.535714
945      1.59167      0.458333
946      1.93333      0.133333
947      2      0.1
948      1.85      0.15
949      1.75      0.916667
950      1.725      0.3125
951      1.73333      0.166667
952      1.63      0.325
953      1.545      0.3625
954      1.71429      0.785714
955      1.7      1
956      1.59524      0.704762
957      1.54464      0.617857
958      1.5      0.5
959      1.46      0.4
960      2      0
961      1.86667      0.0666667
962      1.9      0
963      1.76      0.08
964      1.64286      0.857143
965      1.67143      0.928571
966      1.64556      0.211111
967      1.66667      0.0833333
968      1.55778      0.255556
969      1.47      0.3
970      1.57143      0.778571
971      1.6      1
972      1.5      0.7
973      1.37      0.3
974      1.44      0.6
975      1.425      0.5
976      1.34      0.4
977      1.8      0
978      1.7      0
979      1.57143      0.853571
980      1.57143      0.928571
981      1.58333      0.141667
982      1.35      0.5
983      1.6      0
984      1.57143      0.0714286
985      1.4      0.2
986      1.5      0.2
987      1.5      0.8
988      1.5      1
989      1.32      0.2
990      1.4      0.7
991      1.27      0.3
992      1.36      0.6
993      1.26      0.4
994      1.5      0.9
995      1.5      0.1
996      1.25      0.5
997      1.5      0
998      1.4      0.1
999      1.31      0.1
1000      1.4      0.8
1001      1.4      0.9
1002      1.4      1
1003      1.3      0.8
1004      1.2      0.2
1005      1.3      0.7
1006      1.17      0.3
1007      1.24      0.6
1008      1.16      0.4
1009      1.17      0.55
1010      1.4      0
1011      1.095      0.35
1012      1.3      0
1013      1.2      0.1
1014      1.3      0.9
1015      1.3      1
1016      1.22      0.8
1017      1.1      0.2
1018      1.1      0.1
1019      1.2      0.7
1020      1.03      0.3
1021      1.04      0.4
1022      1.1      0.6
1023      1.1      0.5
1024      1.2      0
1025      1.1      0
1026      1.21      0.9
1027      1.2      1
1028      1.12      0.8
1029      1.02      0.2
1030      1      0.1
1031      0.93      0.3
1032      1.1      0.7
1033      0.94      0.4
1034      0.95      0.5
1035      1      0.6
1036      1      0
1037      1.04      0.75
1038      1.11      0.9
1039      1.1      1
1040      1.045      0.85
1041      0.9      0
1042      0.92      0.2
1043      0.89      0.1
1044      0.86      0.25
1045      0.865      0.35
1046      0.8      0.4
1047      0.97      0.7
1048      0.875      0.5
1049      0.9      0.6
1050      0.98      0.8
1051      0.9      0.8
1052      1      1
1053      0.99      0.9
1054      0.7      0.4
1055      0.8      0
1056      0.8      0.1
1057      0.8      0.2
1058      0.8      0.3
1059      0.8      0.5
1060      0.83      0.7
1061      0.8      0.6
1062      0.9      0.9
1063      0.82      0.8
1064      0.7      0.3
1065      0.635      0.35
1066      0.9      1
1067      0.7      0.5
1068      0.6      0.5
1069      0.56      0.4
1070      0.7      0
1071      0.7      0.1
1072      0.7      0.2
1073      0.72      0.8
1074      0.7      0.6
1075      0.7      0.7
1076      0.81      0.9
1077      0.64      0.25
1078      0.57      0.3
1079      0.468571      0.338095
1080      0.8      1
1081      0.71      0.9
1082      0.58      0.2
1083      0.6      0.6
1084      0.5      0.5
1085      0.428571      0.446429
1086      0.6      0
1087      0.59      0.1
1088      0.6      0.8
1089      0.6      0.7
1090      0.5      0.2
1091      0.392857      0.357143
1092      0.430714      0.272619
1093      0.7      1
1094      0.6      0.9
1095      0.5      0.1
1096      0.5      0.7
1097      0.5      0.6
1098      0.410714      0.535714
1099      0.303571      0.455357
1100      0.5      0
1101      0.5      0.8
1102      0.446429      0.153571
1103      0.392857      0.207143
1104      0.285714      0.339286
1105      0.339286      0.285714
1106      0.6      1
1107      0.5      0.9
1108      0.428571      0.0714286
1109      0.196429      0.375
1110      0.422222      0.744444
1111      0.410714      0.610714
1112      0.321429      0.571429
1113      0.178571      0.464286
1114      0.25      0.517857
1115      0.4      0
1116      0.416667      0.858333
1117      0.357143      0.142857
1118      0.285714      0.214286
1119      0.214286      0.285714
1120      0.5      1
1121      0.428571      0.928571
1122      0.333333      0.0666667
1123      0.0833333      0.333333
1124      0.133333      0.266667
1125      0.344444      0.788889
1126      0.0714286      0.428571
1127      0.3      0.7
1128      0.232143      0.607143
1129      0.160714      0.553571
1130      0.3      0
1131      0.333333      0.916667
1132      0.266667      0.133333
1133      0.2      0.2
1134      0      0.4
1135      0.4      1
1136      0      0.3
1137      0.225      0.075
1138      0.075      0.225
1139      0.15      0.15
1140      0.266667      0.833333
1141      0      0.5
1142      0.0714286      0.571429
1143      0.2      0.75
1144      0.142857      0.642857
1145      0.2      0
1146      0.225      0.925
1147      0.3      1
1148      0      0.2
1149      0.133333      0.0666667
1150      0.075      0.15
1151      0.18      0.84
1152      0      0.6
1153      0.0666667      0.666667
1154      0.075      0.775
1155      0.1      0
1156      0.15      0.925
1157      0.2      1
1158      0      0.1
1159      0.1      0.85
1160      0      0.7
1161      0      0.8
1162      0      0
1163      0      0.9
1164      0.1      1
1165      0      1
