0      0      1
1      0      0.981596
2      0.0145623      0.996573
3      0      0.961621
4      0.0154418      0.981797
5      0.0278778      0.993459
6      0.0225404      0.968246
7      0      0.941496
8      0.0155985      0.954621
9      0.0291522      0.981975
10      0.0411935      0.990382
11      0.0545092      0.98736
12      0.067825      0.98441
13      0.0811409      0.98155
14      0.0582303      0.975493
15      0.0437444      0.969174
16      0.037132      0.955883
17      0.015719      0.93303
18      0      0.921371
19      0.0255378      0.945107
20      0.0696702      0.973042
21      0.0830809      0.969455
22      0.0944569      0.978795
23      0.0610374      0.961654
24      0      0.901247
25      0.0501254      0.950855
26      0.0385948      0.939443
27      0.0158179      0.912242
28      0.0307811      0.926518
29      0.0721368      0.951391
30      0.0872899      0.958099
31      0.0977298      0.967306
32      0.107773      0.976163
33      0.0158792      0.893258
34      0      0.881122
35      0      0.860997
36      0.0649536      0.938402
37      0.0530624      0.927916
38      0.0310982      0.90489
39      0.0406431      0.916964
40      0.0781968      0.933758
41      0.0858117      0.946706
42      0.0980939      0.956093
43      0.110965      0.964248
44      0.121089      0.973668
45      0.0280833      0.887128
46      0.0143196      0.874321
47      0.014583      0.853537
48      0      0.840873
49      0.0664      0.922781
50      0.0550224      0.906164
51      0.0420085      0.895481
52      0.0914788      0.936089
53      0.0863466      0.923846
54      0.102777      0.945364
55      0.113682      0.954315
56      0.124222      0.962968
57      0.134406      0.971327
58      0.0425137      0.877791
59      0.0313353      0.865446
60      0.0302415      0.848148
61      0.014      0.826785
62      0      0.820748
63      0      0.800623
64      0      0.740249
65      0      0.760374
66      0      0.780499
67      0.104751      0.931837
68      0.0810802      0.911282
69      0.0748658      0.899584
70      0.06088      0.888616
71      0.101557      0.920515
72      0.116017      0.941621
73      0.12693      0.951098
74      0.137496      0.960273
75      0.147723      0.969154
76      0.0451135      0.859811
77      0.0601058      0.872101
78      0.0443803      0.843203
79      0.0291303      0.830574
80      0.028      0.812698
81      0.0133333      0.807332
82      0.0142857      0.786249
83      0      0.720125
84      0.0133333      0.726833
85      0.015      0.745281
86      0.0133333      0.767082
87      0.115516      0.92802
88      0      0.7
89      0.0333333      0.753666
90      0.0910464      0.895395
91      0.104392      0.90586
92      0.0762453      0.881514
93      0.115      0.914051
94      0.126505      0.94008
95      0.138393      0.949403
96      0.149902      0.958428
97      0.16104      0.967162
98      0.0593202      0.855344
99      0.0808809      0.862689
100      0.0504553      0.822869
101      0.0585192      0.838258
102      0.0424273      0.807726
103      0.0311111      0.793915
104      0.03      0.775468
105      0.02      0.7
106      0.0266667      0.713416
107      0.032      0.736224
108      0.127996      0.927593
109      0.045      0.76289
110      0.05      0.740249
111      0.174357      0.965366
112      0.0687181      0.825663
113      0.0916106      0.874412
114      0.107227      0.891206
115      0.116111      0.902827
116      0.129488      0.915106
117      0.142101      0.932395
118      0.148615      0.9443
119      0.159951      0.953344
120      0.0751635      0.848246
121      0.0961481      0.856489
122      0.0568546      0.802753
123      0.056      0.784524
124      0.04      0.7
125      0.045      0.715094
126      0.14652      0.919939
127      0.06      0.750312
128      0.0622222      0.767082
129      0.0583333      0.726833
130      0.172581      0.951653
131      0.187674      0.963776
132      0.0823053      0.833252
133      0.078917      0.813068
134      0.12783      0.899793
135      0.106951      0.867321
136      0.115097      0.877336
137      0.123047      0.88711
138      0.141887      0.901124
139      0.157696      0.924711
140      0.158837      0.939198
141      0.0955483      0.840649
142      0.111415      0.85029
143      0.074693      0.78295
144      0.06      0.7
145      0.0666667      0.713416
146      0.156528      0.909869
147      0.0777778      0.753666
148      0.075      0.737734
149      0.187278      0.950158
150      0.172855      0.937615
151      0.200991      0.962406
152      0.0977495      0.823235
153      0.0891159      0.800473
154      0.140966      0.889431
155      0.121819      0.860449
156      0.131551      0.87518
157      0.15533      0.89466
158      0.168902      0.923236
159      0.115933      0.833053
160      0.123377      0.844991
161      0.093032      0.781406
162      0.0954783      0.7597
163      0.08      0.7
164      0.09      0.725156
165      0.166995      0.908504
166      0.098      0.742262
167      0.186872      0.936216
168      0.20094      0.94887
169      0.183284      0.921933
170      0.214309      0.961265
171      0.105108      0.808176
172      0.120509      0.815594
173      0.108069      0.794033
174      0.154102      0.87907
175      0.136686      0.853577
176      0.145524      0.866514
177      0.170463      0.893404
178      0.181749      0.907298
179      0.135339      0.839693
180      0.135608      0.822866
181      0.11103      0.779891
182      0.114516      0.75418
183      0.1      0.7
184      0.106667      0.713416
185      0.112      0.728175
186      0.197664      0.920811
187      0.200888      0.93501
188      0.214602      0.947798
189      0.227627      0.960363
190      0.121313      0.793826
191      0.131301      0.807359
192      0.160981      0.862056
193      0.169626      0.877926
194      0.151553      0.846705
195      0.185594      0.892296
196      0.200779      0.90626
197      0.150231      0.829908
198      0.148874      0.812688
199      0.128701      0.778403
200      0.129343      0.753057
201      0.128734      0.733706
202      0.12      0.7
203      0.126      0.714087
204      0.212042      0.919878
205      0.214903      0.934007
206      0.227234      0.946951
207      0.240945      0.959709
208      0.136771      0.794141
209      0.167887      0.845784
210      0.176906      0.861145
211      0.185147      0.876916
212      0.226832      0.933215
213      0.211249      0.905396
214      0.166985      0.8291
215      0.197375      0.87612
216      0.200723      0.891342
217      0.166059      0.811994
218      0.152229      0.794456
219      0.146059      0.776942
220      0.144592      0.758309
221      0.145063      0.739103
222      0.142548      0.719681
223      0.14      0.7
224      0.226419      0.919142
225      0.240896      0.946337
226      0.238762      0.932641
227      0.254263      0.959311
228      0.184218      0.844973
229      0.192828      0.860361
230      0.23763      0.918608
231      0.215849      0.89055
232      0.225997      0.904717
233      0.253529      0.945962
234      0.18324      0.811383
235      0.183735      0.828389
236      0.208747      0.859711
237      0.209602      0.875325
238      0.169856      0.793946
239      0.164138      0.776477
240      0.162116      0.739103
241      0.166049      0.757653
242      0.162054      0.719579
243      0.16      0.7
244      0.23647      0.904223
245      0.254861      0.932292
246      0.252006      0.918282
247      0.267191      0.945835
248      0.267581      0.959175
249      0.200545      0.844275
250      0.225119      0.874758
251      0.228269      0.890011
252      0.240689      0.889473
253      0.200419      0.810858
254      0.200483      0.827777
255      0.18748      0.793508
256      0.21687      0.843696
257      0.224663      0.859201
258      0.186057      0.775717
259      0.181677      0.757653
260      0.181132      0.738898
261      0.181559      0.719491
262      0.18      0.7
263      0.255488      0.903923
264      0.268875      0.932172
265      0.269546      0.918172
266      0.281883      0.945959
267      0.280899      0.959307
268      0.240634      0.874346
269      0.236694      0.858901
270      0.25311      0.889288
271      0.270233      0.90382
272      0.28289      0.932287
273      0.205101      0.793145
274      0.217228      0.82727
275      0.217595      0.810423
276      0.200286      0.775717
277      0.228874      0.835092
278      0.24052      0.842913
279      0.200217      0.75739
280      0.202113      0.738576
281      0.201064      0.719419
282      0.2      0.7
283      0.265531      0.889102
284      0.280757      0.91828
285      0.294515      0.946338
286      0.294218      0.959711
287      0.256148      0.874096
288      0.248724      0.858601
289      0.280707      0.90392
290      0.29482      0.932642
291      0.295133      0.918609
292      0.307536      0.960391
293      0.271662      0.87401
294      0.22272      0.792864
295      0.218357      0.775426
296      0.231814      0.810052
297      0.24046      0.826586
298      0.256843      0.842713
299      0.224594      0.75697
300      0.21916      0.738576
301      0.220567      0.719361
302      0.22      0.7
303      0.286064      0.889193
304      0.295453      0.904223
305      0.308836      0.933238
306      0.308178      0.946976
307      0.272404      0.858527
308      0.306343      0.919161
309      0.305925      0.904733
310      0.321841      0.947875
311      0.320854      0.961349
312      0.28389      0.874178
313      0.240273      0.775038
314      0.240337      0.792658
315      0.246033      0.809682
316      0.257203      0.82641
317      0.273165      0.842644
318      0.242108      0.738328
319      0.240207      0.75697
320      0.24007      0.71932
321      0.24      0.7
322      0.298486      0.889567
323      0.296118      0.874346
324      0.322852      0.934077
325      0.320719      0.91994
326      0.284434      0.858678
327      0.320672      0.905452
328      0.310908      0.889942
329      0.334781      0.93516
330      0.334473      0.949035
331      0.334173      0.962586
332      0.250967      0.765907
333      0.262191      0.774898
334      0.257953      0.792532
335      0.263207      0.809631
336      0.273946      0.82635
337      0.289488      0.842707
338      0.260564      0.719287
339      0.259151      0.738395
340      0.261661      0.756777
341      0.26      0.7
342      0.311634      0.874771
343      0.296464      0.85883
344      0.308493      0.859289
345      0.335097      0.920946
346      0.33542      0.906381
347      0.326037      0.890599
348      0.348799      0.936488
349      0.348137      0.950457
350      0.347491      0.964102
351      0.344036      0.91428
352      0.276411      0.774904
353      0.275568      0.792489
354      0.28038      0.809685
355      0.290689      0.826404
356      0.301975      0.834872
357      0.279076      0.719287
358      0.280133      0.738394
359      0.277275      0.756869
360      0.28      0.7
361      0.327153      0.875368
362      0.320522      0.859748
363      0.313143      0.843253
364      0.352651      0.922179
365      0.350883      0.892492
366      0.338459      0.891545
367      0.354456      0.907518
368      0.362818      0.938058
369      0.361802      0.952139
370      0.360809      0.965895
371      0.287174      0.78378
372      0.374127      0.967964
373      0.295816      0.756801
374      0.302176      0.775201
375      0.297937      0.792657
376      0.303186      0.810086
377      0.313927      0.826882
378      0.30056      0.719362
379      0.299144      0.738445
380      0.3      0.7
381      0.336439      0.860443
382      0.342675      0.876141
383      0.329471      0.843727
384      0.364925      0.908864
385      0.363859      0.923638
386      0.366018      0.893725
387      0.358202      0.877088
388      0.374743      0.939869
389      0.374431      0.954079
390      0.388096      0.956275
391      0.387445      0.970304
392      0.400762      0.972911
393      0.334726      0.810675
394      0.320361      0.810444
395      0.317267      0.757096
396      0.320247      0.775439
397      0.320305      0.793161
398      0.330675      0.827296
399      0.32      0.7
400      0.320063      0.719421
401      0.320126      0.738581
402      0.360146      0.861295
403      0.345803      0.844345
404      0.375388      0.910415
405      0.378244      0.925319
406      0.378439      0.895241
407      0.376066      0.879498
408      0.372181      0.862378
409      0.388763      0.941919
410      0.404643      0.945921
411      0.402683      0.959555
412      0.416331      0.962257
413      0.41408      0.975779
414      0.337924      0.793545
415      0.349092      0.810906
416      0.392633      0.927224
417      0.335811      0.757181
418      0.334474      0.775439
419      0.353914      0.828496
420      0.339567      0.719497
421      0.34      0.7
422      0.33914      0.738734
423      0.369463      0.845995
424      0.390861      0.896756
425      0.394446      0.912174
426      0.398205      0.880964
427      0.384217      0.863461
428      0.406645      0.931993
429      0.416648      0.948455
430      0.430634      0.951215
431      0.428999      0.965199
432      0.427397      0.978902
433      0.350799      0.793545
434      0.363307      0.811906
435      0.404906      0.914131
436      0.346103      0.766651
437      0.420977      0.934359
438      0.357267      0.757691
439      0.356395      0.776121
440      0.377147      0.830176
441      0.358082      0.719497
442      0.358156      0.738922
443      0.36      0.7
444      0.393117      0.848192
445      0.404494      0.892085
446      0.410784      0.903207
447      0.415122      0.873038
448      0.400154      0.86478
449      0.423375      0.919956
450      0.432303      0.936936
451      0.444622      0.954193
452      0.443622      0.939717
453      0.442649      0.968373
454      0.440714      0.982271
455      0.368427      0.794016
456      0.377525      0.812908
457      0.434008      0.922349
458      0.375209      0.738922
459      0.374474      0.776566
460      0.37872      0.758408
461      0.393906      0.831197
462      0.394715      0.813782
463      0.377589      0.71959
464      0.38      0.7
465      0.410672      0.832336
466      0.409462      0.849495
467      0.422126      0.890168
468      0.423267      0.905325
469      0.42724      0.874805
470      0.425061      0.858949
471      0.43575      0.907444
472      0.444632      0.924933
473      0.460974      0.942697
474      0.458613      0.957382
475      0.453504      0.93371
476      0.455313      0.971771
477      0.454031      0.985877
478      0.381987      0.794947
479      0.448229      0.909914
480      0.467348      0.98971
481      0.480664      0.993759
482      0.493981      0.998013
483      0.395547      0.795878
484      0.396196      0.739401
485      0.396398      0.777547
486      0.397267      0.758843
487      0.411911      0.814757
488      0.399072      0.719972
489      0.4      0.7
490      0.426577      0.842817
491      0.422008      0.825141
492      0.437533      0.892196
493      0.439359      0.876573
494      0.441225      0.860608
495      0.463386      0.927702
496      0.460707      0.912384
497      0.474005      0.930646
498      0.474859      0.948382
499      0.470609      0.960774
500      0.469807      0.97618
501      0.452946      0.894386
502      0.482505      0.980011
503      0.496139      0.984037
504      0.508834      0.988245
505      0.507297      1.00246
506      0.413184      0.796688
507      0.41522      0.73969
508      0.414488      0.778197
509      0.415818      0.759327
510      0.424408      0.808445
511      0.418581      0.720133
512      0.42      0.7
513      0.438966      0.826323
514      0.443133      0.844291
515      0.455148      0.878564
516      0.457398      0.8624
517      0.475756      0.915106
518      0.465246      0.896809
519      0.490219      0.922408
520      0.492077      0.937256
521      0.486287      0.951772
522      0.486267      0.96602
523      0.498335      0.969815
524      0.512293      0.973785
525      0.524354      0.977915
526      0.523262      0.993384
527      0.520612      1.00708
528      0.426881      0.791249
529      0.477545      0.899231
530      0.43196      0.755919
531      0.436421      0.738079
532      0.432996      0.77452
533      0.441774      0.809457
534      0.437276      0.718949
535      0.44      0.7
536      0.451186      0.829005
537      0.466593      0.847588
538      0.470944      0.8807
539      0.473577      0.864323
540      0.492249      0.907246
541      0.502742      0.925581
542      0.502848      0.940588
543      0.500571      0.955336
544      0.511989      0.959064
545      0.526274      0.962946
546      0.539878      0.983784
547      0.5402      0.969411
548      0.536881      0.997932
549      0.533928      1.01187
550      0.449128      0.793008
551      0.485597      0.889295
552      0.550392      0.964064
553      0.547244      1.0168
554      0.507554      0.910113
555      0.447592      0.77452
556      0.45334      0.756971
557      0.453659      0.738079
558      0.464446      0.811755
559      0.457744      0.719298
560      0.46      0.7
561      0.468158      0.83036
562      0.483161      0.84941
563      0.485128      0.831952
564      0.485002      0.870181
565      0.497787      0.89186
566      0.515266      0.928754
567      0.51747      0.944075
568      0.528228      0.947705
569      0.542363      0.954771
570      0.552002      0.988229
571      0.557164      0.973607
572      0.549605      1.00262
573      0.466917      0.794001
574      0.496427      0.87604
575      0.560584      0.958718
576      0.560559      1.02187
577      0.563224      1.00744
578      0.519909      0.913177
579      0.509977      0.894425
580      0.573874      1.02706
581      0.58719      1.03234
582      0.473014      0.776909
583      0.471988      0.757566
584      0.476433      0.739272
585      0.481824      0.813036
586      0.477287      0.719495
587      0.48      0.7
588      0.498579      0.859975
589      0.494241      0.841736
590      0.497264      0.825104
591      0.512446      0.878435
592      0.534314      0.936234
593      0.532264      0.916242
594      0.546882      0.939871
595      0.559449      0.943508
596      0.568675      0.977924
597      0.565928      0.992797
598      0.571471      0.962782
599      0.484713      0.795067
600      0.574328      0.947313
601      0.576694      1.01311
602      0.579551      0.998978
603      0.525641      0.897181
604      0.589444      1.01815
605      0.600505      1.0377
606      0.603047      1.02327
607      0.61382      1.04313
608      0.627135      1.04861
609      0.491229      0.777821
610      0.493363      0.758888
611      0.493685      0.739271
612      0.505293      0.809829
613      0.496831      0.719708
614      0.5      0.7
615      0.52224      0.864251
616      0.517536      0.845473
617      0.514408      0.826699
618      0.534237      0.869424
619      0.536467      0.88347
620      0.552416      0.924606
621      0.537372      0.903162
622      0.549104      0.909143
623      0.567652      0.927941
624      0.582447      0.984654
625      0.585405      0.970024
626      0.588412      0.955153
627      0.503443      0.7911
628      0.58684      0.935122
629      0.593447      1.00378
630      0.594044      0.989207
631      0.607343      1.00865
632      0.61665      1.02846
633      0.619516      1.0136
634      0.629289      1.0344
635      0.643692      1.03968
636      0.64045      1.05411
637      0.653765      1.05962
638      0.522818      0.81127
639      0.506599      0.773735
640      0.512451      0.756379
641      0.514904      0.738057
642      0.52557      0.793443
643      0.516578      0.718827
644      0.52      0.7
645      0.540813      0.849591
646      0.537322      0.830147
647      0.549322      0.858629
648      0.546234      0.874598
649      0.55143      0.893398
650      0.571273      0.912173
651      0.561351      0.902785
652      0.589138      0.91883
653      0.599899      0.974329
654      0.598811      0.959207
655      0.606585      0.943809
656      0.603758      0.928077
657      0.610831      0.993838
658      0.622422      0.998533
659      0.633106      1.02004
660      0.636146      1.0055
661      0.64697      1.02509
662      0.660506      1.03151
663      0.657119      1.04563
664      0.66708      1.06512
665      0.669916      1.05092
666      0.540348      0.812782
667      0.582024      0.907581
668      0.531714      0.776634
669      0.531182      0.757101
670      0.535778      0.73905
671      0.543497      0.794707
672      0.53702      0.719296
673      0.54      0.7
674      0.558689      0.844256
675      0.555727      0.825513
676      0.565899      0.860961
677      0.57005      0.879851
678      0.574911      0.896333
679      0.597732      0.909055
680      0.614392      0.978711
681      0.613607      0.963336
682      0.621696      0.947681
683      0.619182      0.93169
684      0.613479      0.912344
685      0.625388      0.983155
686      0.635952      0.990464
687      0.650289      1.01031
688      0.650357      0.9952
689      0.661958      1.01514
690      0.672779      1.03659
691      0.675683      1.02205
692      0.680395      1.07059
693      0.683489      1.05619
694      0.686613      1.04165
695      0.559002      0.808577
696      0.587934      0.894717
697      0.69371      1.07602
698      0.572533      0.845334
699      0.549918      0.757861
700      0.550034      0.777696
701      0.553196      0.739049
702      0.562361      0.791207
703      0.557458      0.719815
704      0.56      0.7
705      0.578481      0.829222
706      0.576666      0.810139
707      0.582479      0.863381
708      0.586277      0.882607
709      0.600958      0.8931
710      0.628402      0.967526
711      0.634606      0.935362
712      0.633642      0.954
713      0.629225      0.915699
714      0.617032      0.896126
715      0.638234      0.975417
716      0.664814      0.999629
717      0.65712      0.979906
718      0.678669      1.00709
719      0.689782      1.02689
720      0.693011      1.01186
721      0.696916      1.06205
722      0.700147      1.04797
723      0.70343      1.03366
724      0.709734      1.06722
725      0.707025      1.08137
726      0.586376      0.846411
727      0.72034      1.08665
728      0.733655      1.09182
729      0.746971      1.09686
730      0.569238      0.755647
731      0.568955      0.774763
732      0.574376      0.738069
733      0.5804      0.792513
734      0.57637      0.718772
735      0.58      0.7
736      0.590212      0.812653
737      0.595776      0.831173
738      0.598716      0.850915
739      0.596245      0.868436
740      0.611444      0.879705
741      0.645589      0.96032
742      0.645293      0.928866
743      0.648876      0.944593
744      0.633105      0.899215
745      0.642359      0.914317
746      0.627843      0.882528
747      0.670979      0.987832
748      0.681674      0.992047
749      0.674574      0.97284
750      0.660602      0.964403
751      0.696276      0.996661
752      0.704209      1.01646
753      0.710132      1.00445
754      0.712463      1.05295
755      0.715238      1.03845
756      0.718057      1.02372
757      0.723293      1.07231
758      0.72627      1.05786
759      0.736719      1.07791
760      0.749558      1.0828
761      0.762398      1.08756
762      0.760286      1.10177
763      0.603758      0.815166
764      0.646014      0.897872
765      0.590466      0.75725
766      0.584161      0.774763
767      0.591935      0.738069
768      0.598442      0.793872
769      0.596785      0.719307
770      0.6      0.7
771      0.610921      0.843823
772      0.614326      0.826981
773      0.614073      0.863163
774      0.627532      0.86444
775      0.661203      0.948448
776      0.660909      0.932452
777      0.655493      0.912935
778      0.644241      0.885403
779      0.640991      0.865717
780      0.687084      0.977029
781      0.699593      0.981218
782      0.673531      0.952303
783      0.685425      0.958837
784      0.713571      0.989472
785      0.720902      1.00885
786      0.729296      1.04318
787      0.72935      1.02826
788      0.735473      1.0132
789      0.738587      1.06269
790      0.742941      1.04968
791      0.75216      1.06866
792      0.765941      1.07327
793      0.778303      1.07774
794      0.775946      1.09217
795      0.773602      1.10652
796      0.617834      0.809632
797      0.658922      0.896529
798      0.786918      1.1111
799      0.800234      1.11549
800      0.81355      1.11967
801      0.60258      0.775852
802      0.609271      0.758097
803      0.614392      0.739767
804      0.61386      0.784687
805      0.615566      0.719308
806      0.62      0.7
807      0.628002      0.846054
808      0.63175      0.828944
809      0.681977      0.94197
810      0.671416      0.916268
811      0.682743      0.923123
812      0.662351      0.880123
813      0.655239      0.863279
814      0.650942      0.85066
815      0.697318      0.965371
816      0.712521      0.969312
817      0.694201      0.945693
818      0.734048      0.997807
819      0.725016      0.985817
820      0.743662      1.03272
821      0.749335      1.02066
822      0.748882      1.00189
823      0.754812      1.05425
824      0.757497      1.03966
825      0.768831      1.0587
826      0.780707      1.06302
827      0.79187      1.08324
828      0.792357      1.06898
829      0.789389      1.0972
830      0.635612      0.81132
831      0.625139      0.793521
832      0.675159      0.899604
833      0.802926      1.10147
834      0.815788      1.10554
835      0.829229      1.10995
836      0.826867      1.12364
837      0.624977      0.774304
838      0.628658      0.756097
839      0.633906      0.73835
840      0.636953      0.719175
841      0.64      0.7
842      0.649174      0.830952
843      0.69407      0.929977
844      0.689546      0.910404
845      0.68578      0.885793
846      0.672113      0.86583
847      0.669443      0.846194
848      0.706424      0.949415
849      0.720619      0.958756
850      0.738917      0.966252
851      0.706149      0.933459
852      0.736462      0.982162
853      0.760214      1.02489
854      0.762985      1.00984
855      0.755928      0.990747
856      0.771758      1.04395
857      0.771099      1.02902
858      0.783141      1.04812
859      0.796964      1.05459
860      0.806345      1.073
861      0.804275      1.08739
862      0.639511      0.793521
863      0.657856      0.814811
864      0.648684      0.804166
865      0.818033      1.09136
866      0.830443      1.09512
867      0.844042      1.0998
868      0.842111      1.11359
869      0.840183      1.12737
870      0.8535      1.13085
871      0.866818      1.13407
872      0.646505      0.776602
873      0.649812      0.757829
874      0.651598      0.73835
875      0.655799      0.719175
876      0.66      0.7
877      0.673027      0.829045
878      0.71341      0.916892
879      0.700606      0.89725
880      0.688981      0.868417
881      0.697311      0.878024
882      0.686645      0.848477
883      0.718228      0.936941
884      0.732771      0.946825
885      0.754249      0.970192
886      0.748422      0.950342
887      0.777741      1.0138
888      0.775644      0.998442
889      0.777969      0.982795
890      0.766109      0.976493
891      0.785605      1.03303
892      0.788118      1.01765
893      0.799564      1.03996
894      0.814011      1.04372
895      0.811177      1.05849
896      0.822648      1.06221
897      0.820331      1.07685
898      0.665818      0.793518
899      0.680994      0.813016
900      0.832277      1.0805
901      0.846023      1.08564
902      0.85778      1.10312
903      0.85803      1.08888
904      0.855639      1.117
905      0.868524      1.12015
906      0.881411      1.12303
907      0.880135      1.13702
908      0.664996      0.777791
909      0.666387      0.757829
910      0.672374      0.73954
911      0.6771      0.719122
912      0.68      0.7
913      0.695485      0.833103
914      0.727797      0.927478
915      0.731505      0.911322
916      0.716986      0.900245
917      0.710482      0.883527
918      0.707307      0.863696
919      0.705378      0.84438
920      0.751766      0.934114
921      0.762735      0.959858
922      0.763094      0.940901
923      0.790653      1.00213
924      0.793237      0.986306
925      0.780326      0.966939
926      0.795855      0.970275
927      0.802202      1.02512
928      0.799955      1.01013
929      0.812711      1.02875
930      0.827397      1.03222
931      0.825005      1.04733
932      0.838951      1.05363
933      0.834126      1.06575
934      0.684028      0.794975
935      0.69886      0.81478
936      0.848013      1.07142
937      0.859574      1.07457
938      0.870233      1.1062
939      0.871987      1.09188
940      0.87375      1.07749
941      0.883826      1.11008
942      0.896317      1.11264
943      0.894885      1.12617
944      0.893453      1.1397
945      0.727159      0.886285
946      0.684257      0.775318
947      0.688112      0.756876
948      0.693469      0.738838
949      0.696734      0.719419
950      0.7      0.7
951      0.718896      0.831215
952      0.746439      0.917502
953      0.742106      0.898038
954      0.724302      0.866189
955      0.719371      0.847738
956      0.758069      0.922881
957      0.774421      0.947688
958      0.769698      0.92826
959      0.807587      0.994831
960      0.803923      0.979404
961      0.790215      0.950926
962      0.805951      0.963693
963      0.819791      1.01362
964      0.839848      1.02013
965      0.837918      1.03553
966      0.833201      1.01144
967      0.850048      1.05689
968      0.8521      1.04223
969      0.698664      0.794975
970      0.713676      0.809779
971      0.864445      1.05994
972      0.875553      1.06277
973      0.884002      1.09463
974      0.885321      1.08017
975      0.886671      1.06538
976      0.89779      1.09873
977      0.908811      1.11492
978      0.909861      1.10096
979      0.907791      1.1285
980      0.906771      1.14207
981      0.739006      0.878635
982      0.933407      1.14593
983      0.946725      1.14739
984      0.920089      1.14415
985      0.960044      1.14853
986      0.81935      0.982594
987      0.733363      0.851095
988      0.702817      0.776491
989      0.709196      0.758662
990      0.712735      0.739444
991      0.715638      0.719419
992      0.72      0.7
993      0.731814      0.831215
994      0.758611      0.90089
995      0.751625      0.883895
996      0.742868      0.861805
997      0.773253      0.912128
998      0.785164      0.934385
999      0.787623      0.917844
1000      0.822758      0.998166
1001      0.821633      0.966723
1002      0.801233      0.937349
1003      0.808019      0.947677
1004      0.84661      1.00927
1005      0.852107      1.02515
1006      0.838504      1.00001
1007      0.866722      1.04519
1008      0.864367      1.03017
1009      0.717869      0.792289
1010      0.739744      0.8149
1011      0.726618      0.802468
1012      0.877372      1.04793
1013      0.891531      1.05384
1014      0.899264      1.08481
1015      0.900779      1.07049
1016      0.902298      1.05614
1017      0.910912      1.08698
1018      0.921937      1.10291
1019      0.922536      1.11692
1020      0.925055      1.08889
1021      0.920699      1.13054
1022      0.947131      1.13371
1023      0.934221      1.13228
1024      0.960653      1.13483
1025      0.973565      1.13563
1026      0.973363      1.14934
1027      0.832592      0.977498
1028      0.744289      0.840313
1029      0.986681      1.14984
1030      0.722202      0.774223
1031      0.730702      0.757811
1032      0.732364      0.738235
1033      0.735486      0.718825
1034      0.74      0.7
1035      0.755215      0.829531
1036      0.783441      0.898671
1037      0.768423      0.886486
1038      0.76568      0.866581
1039      0.756968      0.849267
1040      0.803967      0.920613
1041      0.80006      0.901303
1042      0.843807      0.988569
1043      0.83188      0.950647
1044      0.845835      0.972402
1045      0.818808      0.93171
1046      0.86601      1.01494
1047      0.858444      0.996899
1048      0.879223      1.03282
1049      0.73956      0.795157
1050      0.754728      0.810126
1051      0.891539      1.03712
1052      0.903855      1.04143
1053      0.911992      1.07261
1054      0.913075      1.05821
1055      0.92635      1.07447
1056      0.935873      1.10458
1057      0.935035      1.11863
1058      0.937574      1.07606
1059      0.936711      1.09052
1060      0.94876      1.12003
1061      0.961263      1.12113
1062      0.973768      1.12192
1063      0.987088      1.13611
1064      0.987494      1.12239
1065      1      1.15
1066      1.01332      1.14984
1067      1.03996      1.14853
1068      1.02664      1.14934
1069      0.774367      0.851385
1070      0.746302      0.777696
1071      0.747582      0.757811
1072      0.753051      0.739417
1073      0.75583      0.719412
1074      0.76      0.7
1075      0.772923      0.831424
1076      0.786575      0.881639
1077      0.784221      0.862359
1078      0.828669      0.917811
1079      0.814351      0.898641
1080      0.803481      0.884061
1081      0.857601      0.978114
1082      0.847888      0.956031
1083      0.834998      0.934406
1084      0.849964      0.939477
1085      0.859482      0.962016
1086      0.882296      1.00969
1087      0.873768      0.999536
1088      0.869368      0.983825
1089      0.890823      1.01985
1090      0.765289      0.795341
1091      0.780522      0.81503
1092      0.905422      1.02664
1093      0.924526      1.04518
1094      0.914974      1.03591
1095      0.927649      1.06002
1096      0.938438      1.06156
1097      0.950855      1.09186
1098      0.949807      1.10596
1099      0.948803      1.07737
1100      0.96189      1.10703
1101      0.973976      1.1078
1102      0.987912      1.10826
1103      1      1.13627
1104      1      1.12255
1105      1.01291      1.13611
1106      1.02643      1.13563
1107      1.05327      1.14739
1108      1.03935      1.13483
1109      0.785245      0.84057
1110      1.06659      1.14593
1111      0.953014      1.06284
1112      0.841453      0.911612
1113      0.768177      0.776622
1114      0.7671      0.756213
1115      0.771348      0.737703
1116      0.777003      0.719421
1117      0.78      0.7
1118      0.796123      0.829755
1119      0.798312      0.865659
1120      0.797781      0.849494
1121      0.831089      0.900984
1122      0.816542      0.881671
1123      0.830626      0.882747
1124      0.812403      0.86896
1125      0.871076      0.968
1126      0.865074      0.949535
1127      0.852086      0.922564
1128      0.867344      0.933317
1129      0.892247      1.00425
1130      0.893698      0.988341
1131      0.882264      0.97807
1132      0.904345      1.00882
1133      0.780357      0.795341
1134      0.795656      0.810466
1135      0.916443      1.01339
1136      0.939326      1.04668
1137      0.930322      1.03027
1138      0.954124      1.04792
1139      0.962518      1.09291
1140      0.963164      1.07839
1141      0.974185      1.09367
1142      0.988331      1.09412
1143      1      1.10842
1144      1.01251      1.12239
1145      1.02623      1.12192
1146      1.05226      1.13371
1147      1.03874      1.12113
1148      1.07991      1.14415
1149      1.06578      1.13228
1150      0.963812      1.06384
1151      0.854237      0.905413
1152      1.09323      1.14207
1153      0.928786      1.01491
1154      0.78807      0.757904
1155      0.786839      0.777728
1156      0.793327      0.739408
1157      0.795999      0.719421
1158      0.8      0.7
1159      0.813907      0.831514
1160      0.811922      0.81753
1161      0.815264      0.851447
1162      0.844709      0.883824
1163      0.830722      0.864695
1164      0.881133      0.951817
1165      0.862928      0.914745
1166      0.876375      0.918902
1167      0.883656      0.935473
1168      0.908636      0.996267
1169      0.89516      0.972314
1170      0.910278      0.980765
1171      0.799558      0.792762
1172      0.809937      0.803546
1173      0.926567      0.99964
1174      0.950122      1.03292
1175      0.94113      1.01643
1176      0.965146      1.03386
1177      0.974836      1.04958
1178      0.9744      1.07913
1179      0.974615      1.06456
1180      0.988762      1.07957
1181      1      1.09427
1182      1.01167      1.09412
1183      1.01394      1.10827
1184      1.02602      1.1078
1185      1.05246      1.12003
1186      1.05019      1.10596
1187      1.03811      1.10703
1188      1.0793      1.13054
1189      1.06496      1.11863
1190      0.856434      0.887897
1191      0.865818      0.898002
1192      1.10655      1.1397
1193      1.09221      1.1285
1194      0.938802      1.00087
1195      0.951036      1.0021
1196      0.80948      0.757169
1197      0.808606      0.776659
1198      0.811677      0.737767
1199      0.816476      0.719152
1200      0.82      0.7
1201      0.827508      0.831423
1202      0.82553      0.812067
1203      0.838534      0.849232
1204      0.85331      0.868563
1205      0.898168      0.939339
1206      0.896657      0.955904
1207      0.878196      0.902025
1208      0.888819      0.912154
1209      0.899701      0.922526
1210      0.927269      0.983992
1211      0.908306      0.961284
1212      0.919956      0.966664
1213      0.824218      0.796627
1214      0.95638      1.01758
1215      0.977614      1.0344
1216      0.970389      1.02256
1217      0.987418      1.04986
1218      0.989193      1.06499
1219      1      1.07972
1220      1.01124      1.07957
1221      1.02581      1.09367
1222      1.06413      1.10458
1223      1.04914      1.09186
1224      1.03748      1.09291
1225      1.07869      1.11692
1226      0.868726      0.881161
1227      1.11986      1.13702
1228      1.10512      1.12617
1229      1.09119      1.11492
1230      0.942987      0.985282
1231      0.96652      1.00297
1232      0.958703      0.986348
1233      1      1.06513
1234      0.828501      0.757959
1235      0.830237      0.775612
1236      0.833571      0.739363
1237      0.836785      0.719681
1238      0.84      0.7
1239      0.841108      0.831332
1240      0.843683      0.813432
1241      0.843285      0.794027
1242      0.856099      0.850952
1243      0.871633      0.864319
1244      0.908324      0.931244
1245      0.909662      0.945011
1246      0.891448      0.884987
1247      0.901263      0.905407
1248      0.91708      0.916505
1249      0.935908      0.968104
1250      0.921157      0.950683
1251      0.975633      1.01125
1252      0.990083      1.03494
1253      0.984746      1.01953
1254      1      1.05014
1255      1.01081      1.06499
1256      1.0256      1.07913
1257      1.06329      1.09052
1258      1.07621      1.10291
1259      1.0512      1.07737
1260      1.03684      1.07839
1261      0.881541      0.874653
1262      1.11859      1.12303
1263      1.13318      1.13407
1264      1.10368      1.11264
1265      1.09014      1.10096
1266      0.951978      0.970357
1267      0.975749      0.987789
1268      0.967936      0.971156
1269      0.851671      0.757905
1270      0.848989      0.776546
1271      0.854424      0.738762
1272      0.857212      0.719381
1273      0.86      0.7
1274      0.858223      0.813432
1275      0.863154      0.834312
1276      0.864751      0.796309
1277      0.869959      0.850435
1278      0.88382      0.849918
1279      0.894126      0.86764
1280      0.929436      0.935645
1281      0.908804      0.88455
1282      0.912824      0.898393
1283      0.930177      0.919113
1284      0.924883      0.901113
1285      0.944899      0.95322
1286      0.991      1.00398
1287      1.00992      1.03494
1288      1      1.01967
1289      1.0148      1.05
1290      1.02538      1.06455
1291      1.06243      1.07606
1292      1.07743      1.08889
1293      1.05077      1.06284
1294      1.03619      1.06384
1295      1.13148      1.12015
1296      1.11617      1.11008
1297      1.1465      1.13085
1298      1.10221      1.09873
1299      1.08909      1.08698
1300      0.968657      0.954948
1301      0.97994      0.971617
1302      0.987874      0.98803
1303      0.871927      0.823057
1304      1.01236      1.0194
1305      1.02483      1.04193
1306      0.901468      0.851258
1307      0.872568      0.759259
1308      0.867736      0.777452
1309      0.872558      0.738762
1310      0.876894      0.719614
1311      0.88      0.7
1312      0.880699      0.811802
1313      0.885754      0.831995
1314      0.883821      0.793721
1315      0.917449      0.864628
1316      0.946871      0.920157
1317      0.952948      0.93767
1318      0.926161      0.884114
1319      0.941826      0.902246
1320      1.009      1.00398
1321      1      0.988271
1322      1.02471      1.01914
1323      1.03552      1.04888
1324      1.07679      1.07447
1325      1.06156      1.06156
1326      1.05032      1.04792
1327      1.145      1.117
1328      1.12977      1.1062
1329      1.116      1.09463
1330      1.15982      1.12737
1331      1.10074      1.08481
1332      1.08801      1.07261
1333      0.969393      0.938389
1334      0.9838      0.955822
1335      0.991944      0.972077
1336      1.02448      1.0036
1337      1.03485      1.03386
1338      0.924311      0.848198
1339      0.907725      0.834564
1340      0.89015      0.757059
1341      0.891695      0.776947
1342      0.893414      0.738151
1343      0.897898      0.719476
1344      0.9      0.7
1345      0.902394      0.814071
1346      0.908174      0.796526
1347      0.932474      0.867891
1348      0.936532      0.854623
1349      0.953946      0.904023
1350      0.963561      0.921021
1351      0.948904      0.886065
1352      1.01572      0.98815
1353      1.00806      0.972077
1354      1.04362      1.01758
1355      1.03405      1.01059
1356      1.04732      1.03279
1357      1.07614      1.06002
1358      1.07102      1.04518
1359      1.05978      1.03172
1360      1.15789      1.11359
1361      1.14351      1.10312
1362      1.12801      1.09188
1363      1.11238      1.08237
1364      1.17313      1.12364
1365      1.09922      1.07049
1366      1.08693      1.05821
1367      0.976718      0.922194
1368      0.992917      0.939218
1369      1      0.955938
1370      1.03289      0.994974
1371      0.930105      0.831645
1372      0.940591      0.841355
1373      0.916188      0.823305
1374      1.11333      1.06538
1375      0.914591      0.759292
1376      0.904046      0.748764
1377      0.910485      0.777658
1378      0.913988      0.738953
1379      0.918191      0.71983
1380      0.92      0.7
1381      0.924652      0.812045
1382      0.923096      0.786707
1383      0.954974      0.869398
1384      0.950996      0.85099
1385      0.970894      0.904654
1386      0.966106      0.886811
1387      1.03206      0.971156
1388      1.02006      0.971617
1389      1.0162      0.955828
1390      1.05887      1.01643
1391      1.04896      1.0021
1392      1.08581      1.04343
1393      1.07481      1.03027
1394      1.15596      1.0998
1395      1.17077      1.10995
1396      1.14002      1.08888
1397      1.12625      1.07749
1398      1.18645      1.11967
1399      1.0977      1.05614
1400      1      0.922586
1401      0.993919      0.905382
1402      1.01645      0.939224
1403      1.0413      0.986348
1404      0.956035      0.833639
1405      0.940614      0.81372
1406      1.12445      1.06277
1407      1.11197      1.05046
1408      0.956576      0.815395
1409      0.935638      0.758025
1410      0.931946      0.776082
1411      0.934768      0.738191
1412      0.939126      0.719501
1413      0.94      0.7
1414      0.935707      0.795756
1415      0.977484      0.870328
1416      0.973233      0.852094
1417      0.982793      0.888073
1418      1.03134      0.954948
1419      1.04802      0.970357
1420      1.06693      0.99964
1421      1.07412      1.01503
1422      1.05341      0.98517
1423      1.09513      1.03395
1424      1.08389      1.0209
1425      1.15398      1.08564
1426      1.1684      1.09624
1427      1.18421      1.10554
1428      1.13781      1.07457
1429      1.19977      1.11549
1430      1.10646      1.0392
1431      1.0167      0.922488
1432      1.00608      0.905382
1433      1      0.888166
1434      1.03061      0.938389
1435      0.971417      0.815395
1436      0.981999      0.834573
1437      0.95426      0.796248
1438      1.13885      1.05994
1439      1.12263      1.04793
1440      0.946665      0.767911
1441      0.947235      0.748702
1442      1.21308      1.1111
1443      0.957692      0.777796
1444      0.958832      0.73938
1445      0.958831      0.719604
1446      0.96      0.7
1447      0.991002      0.861491
1448      1      0.870638
1449      0.993259      0.843614
1450      1.04754      0.954188
1451      1.06002      0.96923
1452      1.06552      0.983992
1453      1.0824      0.99806
1454      1.09298      1.01153
1455      1.10445      1.02447
1456      1.16598      1.08219
1457      1.15199      1.07142
1458      1.18197      1.09136
1459      1.19707      1.10147
1460      1.12078      1.03282
1461      1.03644      0.921021
1462      1.02911      0.904654
1463      1.01721      0.888081
1464      1.04705      0.93767
1465      0.99272      0.825391
1466      0.978562      0.79738
1467      0.985641      0.811386
1468      1.14995      1.05689
1469      1.13725      1.04519
1470      0.9565      0.758684
1471      1.21129      1.0972
1472      1.2264      1.10652
1473      1.00344      0.816209
1474      1.11948      1.02121
1475      1.01747      0.87056
1476      0.976527      0.778056
1477      0.977071      0.73938
1478      0.979707      0.719805
1479      0.98      0.7
1480      1.00452      0.852654
1481      1.00398      0.834573
1482      1.06265      0.95205
1483      1.07202      0.968104
1484      1.08123      0.98248
1485      1.10031      0.994265
1486      1.10775      1.00425
1487      1.11818      1.0096
1488      1.16587      1.06575
1489      1.17967      1.07685
1490      1.19572      1.08739
1491      1.13329      1.03007
1492      1.04605      0.904023
1493      1.05969      0.919113
1494      1.03389      0.886811
1495      1.06117      0.935645
1496      1      0.797566
1497      0.990441      0.787868
1498      1.1479      1.04223
1499      1.16105      1.05363
1500      0.980882      0.759365
1501      1.22405      1.09217
1502      1.20813      1.08324
1503      1.23971      1.10177
1504      1.02171      0.816045
1505      1.12861      1.01494
1506      1.02677      0.852094
1507      1.0326      0.869398
1508      1      0.7
1509      1.0982      0.978851
1510      1.00232      0.778355
1511      0.998825      0.739669
1512      1      0.719844
1513      1.02199      0.834385
1514      1.07884      0.950677
1515      1.07762      0.934345
1516      1.08806      0.965025
1517      1.11506      0.986173
1518      1.13233      0.999536
1519      1.17735      1.06221
1520      1.19365      1.073
1521      1.14581      1.02731
1522      1.1437      1.01219
1523      1.0511      0.886065
1524      1.06907      0.902246
1525      1.07638      0.917888
1526      1.04503      0.869398
1527      1.02719      0.796656
1528      1.01174      0.787811
1529      1.15854      1.03908
1530      1.17499      1.04733
1531      1      0.759428
1532      1.23689      1.08756
1533      1.2217      1.07774
1534      1.20559      1.06898
1535      1.25303      1.09686
1536      1.03599      0.81519
1537      1.04013      0.851168
1538      1.02      0.7
1539      1.10978      0.973425
1540      1.09958      0.959483
1541      1.02146      0.71969
1542      1.12136      0.968
1543      1.02347      0.778056
1544      1.02088      0.759278
1545      1.02059      0.739611
1546      1.04397      0.833639
1547      1.09389      0.94739
1548      1.09168      0.931238
1549      1.13063      0.983825
1550      1.14426      0.994053
1551      1.19157      1.05849
1552      1.158      1.02213
1553      1.15818      1.00441
1554      1.05879      0.86816
1555      1.0683      0.885164
1556      1.08115      0.899826
1557      1.08945      0.914964
1558      1.0535      0.850243
1559      1.04287      0.796656
1560      1.1726      1.03222
1561      1.18599      1.04372
1562      1.25044      1.0828
1563      1.23548      1.07327
1564      1.21929      1.06302
1565      1.20579      1.05459
1566      1.26634      1.09182
1567      1.05027      0.814335
1568      1.04      0.7
1569      1.11111      0.95394
1570      1.04058      0.71969
1571      1.13717      0.96559
1572      1.12718      0.951817
1573      1.0435      0.739003
1574      1.04175      0.758937
1575      1.04693      0.777068
1576      1.0589      0.832202
1577      1.1091      0.93748
1578      1.1003      0.922526
1579      1.1481      0.97862
1580      1.15619      0.988569
1581      1.2039      1.03996
1582      1.17019      1.01695
1583      1.17054      1.00129
1584      1.06674      0.850243
1585      1.07255      0.866922
1586      1.08487      0.881587
1587      1.09874      0.905407
1588      1.09716      0.88812
1589      1.06715      0.795187
1590      1.18729      1.02875
1591      1.24784      1.06866
1592      1.26328      1.07791
1593      1.23117      1.0587
1594      1.21686      1.04812
1595      1.27966      1.08665
1596      1.06513      0.814335
1597      1.06      0.7
1598      1.06146      0.719382
1599      1.14865      0.959495
1600      1.14266      0.947117
1601      1.12541      0.935473
1602      1.06291      0.738764
1603      1.05738      0.767124
1604      1.07887      0.805663
1605      1.06783      0.75718
1606      1.07034      0.775499
1607      1.07384      0.830765
1608      1.11379      0.918902
1609      1.16269      0.969629
1610      1.16842      0.985582
1611      1.1978      1.02512
1612      1.21439      1.03303
1613      1.18266      1.01354
1614      1.18289      0.998166
1615      1.08015      0.847102
1616      1.09555      0.870501
1617      1.08785      0.858801
1618      1.11118      0.902025
1619      1.10763      0.87788
1620      1.11781      0.888936
1621      1.07833      0.786423
1622      1.24519      1.05425
1623      1.2602      1.06393
1624      1.27745      1.07231
1625      1.22824      1.04395
1626      1.29298      1.08137
1627      1.08      0.7
1628      1.08301      0.719476
1629      1.16012      0.953401
1630      1.14529      0.93484
1631      1.13036      0.916881
1632      1.08362      0.73966
1633      1.09059      0.816139
1634      1.09183      0.796526
1635      1.18065      0.982594
1636      1.25706      1.04968
1637      1.08899      0.758247
1638      1.08951      0.777658
1639      1.10037      0.831995
1640      1.12799      0.899992
1641      1.17208      0.950539
1642      1.17837      0.966723
1643      1.19513      1.01013
1644      1.21188      1.01765
1645      1.22528      1.02902
1646      1.19807      0.994831
1647      1.09853      0.851258
1648      1.11809      0.86764
1649      1.13127      0.881161
1650      1.2425      1.03966
1651      1.27373      1.05786
1652      1.29027      1.06722
1653      1.30629      1.07602
1654      1.1      0.7
1655      1.1021      0.719476
1656      1.165      0.934406
1657      1.14791      0.922564
1658      1.14127      0.910064
1659      1.10659      0.738151
1660      1.10495      0.813971
1661      1.11032      0.795647
1662      1.19608      0.979408
1663      1.25388      1.03525
1664      1.27295      1.04318
1665      1.13521      0.866881
1666      1.10807      0.75767
1667      1.11066      0.776191
1668      1.12078      0.84849
1669      1.1183      0.83073
1670      1.15218      0.903247
1671      1.14944      0.885905
1672      1.17746      0.933058
1673      1.18403      0.947677
1674      1.19405      0.963698
1675      1.20935      1.00213
1676      1.22664      1.0138
1677      1.23979      1.02489
1678      1.20676      0.986306
1679      1.28754      1.05295
1680      1.30372      1.06141
1681      1.31961      1.07059
1682      1.12      0.7
1683      1.12249      0.719838
1684      1.17133      0.917811
1685      1.12498      0.739677
1686      1.1193      0.811802
1687      1.1243      0.795417
1688      1.20414      0.970275
1689      1.25067      1.02066
1690      1.26763      1.02826
1691      1.28476      1.03845
1692      1.152      0.866664
1693      1.13914      0.852602
1694      1.12928      0.758595
1695      1.13226      0.777452
1696      1.14104      0.832853
1697      1.13455      0.816023
1698      1.17531      0.898641
1699      1.16644      0.883824
1700      1.1878      0.915287
1701      1.18992      0.93171
1702      1.19571      0.942898
1703      1.2015      0.954085
1704      1.22436      0.998442
1705      1.23702      1.00984
1706      1.22203      0.982795
1707      1.30112      1.04667
1708      1.31651      1.05619
1709      1.33292      1.06512
1710      1.14      0.7
1711      1.1434      0.719141
1712      1.14558      0.738762
1713      1.13827      0.795187
1714      1.21967      0.966939
1715      1.26833      1.0132
1716      1.24739      1.00578
1717      1.28194      1.02372
1718      1.29657      1.03366
1719      1.16663      0.86568
1720      1.16147      0.849232
1721      1.1933      0.903877
1722      1.18127      0.864695
1723      1.15017      0.757195
1724      1.15101      0.776546
1725      1.15632      0.813432
1726      1.16307      0.829761
1727      1.19045      0.886432
1728      1.21238      0.917844
1729      1.2065      0.934385
1730      1.21729      0.950926
1731      1.24407      0.990747
1732      1.24067      0.975302
1733      1.31495      1.04165
1734      1.33008      1.05092
1735      1.34624      1.05962
1736      1.16      0.7
1737      1.16385      0.719419
1738      1.16494      0.738281
1739      1.15672      0.79403
1740      1.23727      0.959858
1741      1.26136      0.997807
1742      1.2791      1.00885
1743      1.29323      1.01912
1744      1.31022      1.02689
1745      1.17556      0.849363
1746      1.20992      0.901303
1747      1.19501      0.862504
1748      1.20037      0.875514
1749      1.18966      0.849494
1750      1.16959      0.758736
1751      1.17521      0.776659
1752      1.17214      0.794027
1753      1.17447      0.812064
1754      1.18176      0.833238
1755      1.21342      0.881639
1756      1.22257      0.931349
1757      1.22675      0.912128
1758      1.23386      0.944392
1759      1.25813      0.982162
1760      1.25486      0.966252
1761      1.32722      1.03659
1762      1.34354      1.04496
1763      1.35955      1.05411
1764      1.18      0.7
1765      1.18352      0.719152
1766      1.18832      0.737767
1767      1.24624      0.947367
1768      1.27619      0.993663
1769      1.29307      1.00105
1770      1.31016      1.01186
1771      1.32432      1.02205
1772      1.22319      0.895995
1773      1.21029      0.864596
1774      1.20714      0.847501
1775      1.19955      0.831514
1776      1.18589      0.803066
1777      1.27324      0.978221
1778      1.19242      0.756371
1779      1.19139      0.776659
1780      1.19731      0.794067
1781      1.20061      0.812009
1782      1.22861      0.868941
1783      1.23158      0.886492
1784      1.23734      0.920545
1785      1.24139      0.90089
1786      1.24823      0.934114
1787      1.26712      0.962504
1788      1.25863      0.950342
1789      1.34081      1.03014
1790      1.35631      1.03968
1791      1.37287      1.04861
1792      1.2      0.7
1793      1.20334      0.719704
1794      1.20667      0.739409
1795      1.29031      0.985386
1796      1.30372      0.996661
1797      1.32133      1.00709
1798      1.33804      1.01514
1799      1.22563      0.851389
1800      1.21331      0.831469
1801      1.28512      0.971796
1802      1.26542      0.93891
1803      1.24838      0.883895
1804      1.21638      0.796718
1805      1.21193      0.757904
1806      1.21579      0.776622
1807      1.21948      0.815033
1808      1.24287      0.865373
1809      1.26103      0.914424
1810      1.25789      0.898038
1811      1.2722      0.927478
1812      1.27938      0.958756
1813      1.35467      1.02509
1814      1.3699      1.0344
1815      1.38618      1.04313
1816      1.22      0.7
1817      1.22366      0.719136
1818      1.22865      0.737703
1819      1.297      0.965371
1820      1.30523      0.981218
1821      1.31833      0.992047
1822      1.33256      1.00259
1823      1.35218      1.01031
1824      1.23945      0.848182
1825      1.22708      0.831424
1826      1.28177      0.936941
1827      1.26099      0.878635
1828      1.22851      0.784596
1829      1.23036      0.803801
1830      1.29385      0.933459
1831      1.24028      0.831424
1832      1.34962      0.995037
1833      1.22893      0.757904
1834      1.23707      0.774391
1835      1.24527      0.810126
1836      1.25713      0.861805
1837      1.27583      0.903244
1838      1.27284      0.886285
1839      1.28659      0.916892
1840      1.30012      0.949415
1841      1.36689      1.02004
1842      1.38335      1.02846
1843      1.3995      1.0377
1844      1.24      0.7
1845      1.24417      0.719412
1846      1.24695      0.739417
1847      1.31221      0.961423
1848      1.31734      0.974873
1849      1.33233      0.984104
1850      1.36633      1.0055
1851      1.25327      0.844975
1852      1.26974      0.86869
1853      1.24124      0.792569
1854      1.30593      0.929977
1855      1.26348      0.833199
1856      1.26026      0.8149
1857      1.34288      0.979906
1858      1.36075      0.990625
1859      1.25242      0.757811
1860      1.25644      0.776532
1861      1.25703      0.7966
1862      1.27197      0.848851
1863      1.29221      0.900245
1864      1.28952      0.883527
1865      1.28673      0.866189
1866      1.31045      0.910404
1867      1.31802      0.94197
1868      1.38048      1.0136
1869      1.3961      1.02327
1870      1.41281      1.03234
1871      1.26      0.7
1872      1.26312      0.719412
1873      1.26764      0.738235
1874      1.32401      0.954925
1875      1.32946      0.968527
1876      1.37758      0.998533
1877      1.31726      0.923123
1878      1.27287      0.82234
1879      1.26949      0.804311
1880      1.3576      0.975571
1881      1.34447      0.964412
1882      1.37461      0.983155
1883      1.4097      1.01815
1884      1.27344      0.756066
1885      1.27231      0.776532
1886      1.27872      0.793721
1887      1.29052      0.827269
1888      1.28928      0.846615
1889      1.30658      0.894249
1890      1.30269      0.878024
1891      1.29866      0.861202
1892      1.32201      0.905007
1893      1.33581      0.948428
1894      1.33222      0.932452
1895      1.39438      1.00865
1896      1.42613      1.02706
1897      1.28      0.7
1898      1.28436      0.719419
1899      1.28726      0.739444
1900      1.38917      0.993838
1901      1.32858      0.916268
1902      1.28226      0.811481
1903      1.3716      0.967526
1904      1.35948      0.96032
1905      1.35709      0.944593
1906      1.3891      0.978711
1907      1.42405      1.01237
1908      1.40827      1.00378
1909      1.30114      0.81478
1910      1.29298      0.75776
1911      1.29431      0.777684
1912      1.30134      0.794975
1913      1.30452      0.833103
1914      1.30777      0.850793
1915      1.3211      0.88294
1916      1.31102      0.868417
1917      1.33357      0.89961
1918      1.34784      0.928859
1919      1.40336      0.989207
1920      1.43944      1.02187
1921      1.3      0.7
1922      1.304      0.719121
1923      1.30653      0.738839
1924      1.34451      0.912928
1925      1.38639      0.963336
1926      1.36853      0.951613
1927      1.36539      0.935362
1928      1.4001      0.974329
1929      1.43678      1.00744
1930      1.42195      0.997474
1931      1.31901      0.81302
1932      1.30971      0.757762
1933      1.31286      0.776493
1934      1.31955      0.793515
1935      1.32204      0.831062
1936      1.32497      0.848482
1937      1.33765      0.880117
1938      1.33413      0.863274
1939      1.3498      0.896529
1940      1.36226      0.919111
1941      1.41755      0.984654
1942      1.45276      1.0168
1943      1.32      0.7
1944      1.32458      0.719469
1945      1.3258      0.738243
1946      1.35603      0.90782
1947      1.39679      0.959207
1948      1.38364      0.947681
1949      1.37768      0.931719
1950      1.41459      0.970024
1951      1.43407      0.992797
1952      1.45039      1.00262
1953      1.33688      0.811282
1954      1.34217      0.846194
1955      1.33133      0.758725
1956      1.33803      0.776602
1957      1.34236      0.79497
1958      1.33957      0.829045
1959      1.35901      0.865717
1960      1.35576      0.885403
1961      1.35492      0.848334
1962      1.36689      0.899215
1963      1.378      0.915699
1964      1.43132      0.977924
1965      1.46607      1.01187
1966      1.34      0.7
1967      1.34343      0.719469
1968      1.3484      0.73835
1969      1.39608      0.943845
1970      1.41159      0.955153
1971      1.38997      0.928077
1972      1.42853      0.962782
1973      1.448      0.988228
1974      1.46401      0.997932
1975      1.35198      0.820182
1976      1.46012      0.983784
1977      1.35019      0.757829
1978      1.35653      0.775439
1979      1.36439      0.81132
1980      1.36049      0.793521
1981      1.36307      0.830952
1982      1.37575      0.863163
1983      1.37216      0.882528
1984      1.372      0.846054
1985      1.38297      0.896126
1986      1.39374      0.912344
1987      1.44556      0.973607
1988      1.47939      1.00708
1989      1.36      0.7
1990      1.36305      0.719175
1991      1.36764      0.737778
1992      1.4054      0.924532
1993      1.40853      0.940009
1994      1.42567      0.947313
1995      1.43942      0.958718
1996      1.47674      0.993384
1997      1.4598      0.969411
1998      1.47565      0.977915
1999      1.44055      0.943506
2000      1.36905      0.756952
2001      1.37199      0.775439
2002      1.38217      0.809632
2003      1.37862      0.792108
2004      1.38049      0.828944
2005      1.38908      0.843823
2006      1.39248      0.860665
2007      1.39577      0.876941
2008      1.39904      0.8931
2009      1.40855      0.902456
2010      1.45398      0.954771
2011      1.4927      1.00246
2012      1.38      0.7
2013      1.38443      0.719308
2014      1.38724      0.739181
2015      1.41706      0.918352
2016      1.42277      0.931595
2017      1.49023      0.988245
2018      1.47373      0.962946
2019      1.48771      0.973784
2020      1.45312      0.93987
2021      1.43518      0.9281
2022      1.44758      0.924606
2023      1.40128      0.850915
2024      1.39073      0.758097
2025      1.39742      0.775852
2026      1.40095      0.813436
2027      1.40156      0.793872
2028      1.40422      0.831173
2029      1.41063      0.865868
2030      1.41372      0.882607
2031      1.42873      0.912173
2032      1.42509      0.896333
2033      1.47177      0.947705
2034      1.50602      0.998013
2035      1.4      0.7
2036      1.40322      0.719308
2037      1.40807      0.738069
2038      1.50386      0.984037
2039      1.48801      0.959065
2040      1.50167      0.969815
2041      1.46569      0.936234
2042      1.4509      0.909143
2043      1.46774      0.916242
2044      1.41362      0.846411
2045      1.40953      0.757252
2046      1.41584      0.774764
2047      1.41563      0.793872
2048      1.42152      0.829226
2049      1.42333      0.810139
2050      1.42721      0.863381
2051      1.42995      0.879857
2052      1.44097      0.893398
2053      1.48639      0.944075
2054      1.47986      0.928754
2055      1.51934      0.993759
2056      1.42      0.7
2057      1.42281      0.719034
2058      1.42562      0.738069
2059      1.51656      0.980011
2060      1.49943      0.955336
2061      1.51562      0.96602
2062      1.46566      0.900053
2063      1.45685      0.890567
2064      1.48009      0.913177
2065      1.42747      0.845334
2066      1.43076      0.755647
2067      1.43367      0.792513
2068      1.43426      0.773718
2069      1.43627      0.810139
2070      1.44427      0.825513
2071      1.44131      0.844256
2072      1.44378      0.860961
2073      1.45377      0.874598
2074      1.49715      0.940588
2075      1.49239      0.925581
2076      1.53265      0.98971
2077      1.44      0.7
2078      1.44341      0.719549
2079      1.4468      0.73905
2080      1.53019      0.97618
2081      1.51085      0.951772
2082      1.52769      0.962408
2083      1.47956      0.880945
2084      1.48132      0.897181
2085      1.46667      0.877771
2086      1.49245      0.910113
2087      1.44752      0.758658
2088      1.44997      0.777696
2089      1.4565      0.79471
2090      1.45965      0.812786
2091      1.45693      0.831995
2092      1.45919      0.849591
2093      1.46862      0.864251
2094      1.51177      0.937256
2095      1.50492      0.922408
2096      1.54597      0.985877
2097      1.46      0.7
2098      1.46298      0.719296
2099      1.46422      0.739049
2100      1.54469      0.971771
2101      1.52771      0.945865
2102      1.54338      0.957382
2103      1.49874      0.891794
2104      1.49556      0.87604
2105      1.48504      0.862133
2106      1.50775      0.907246
2107      1.5106      0.895512
2108      1.526      0.930646
2109      1.50142      0.859975
2110      1.46626      0.757861
2111      1.47508      0.77465
2112      1.47863      0.79224
2113      1.47718      0.81127
2114      1.47407      0.830147
2115      1.48246      0.845473
2116      1.51989      0.919461
2117      1.55929      0.982271
2118      1.48      0.7
2119      1.48255      0.719055
2120      1.47654      0.74773
2121      1.48683      0.737599
2122      1.55834      0.968373
2123      1.54205      0.942697
2124      1.55737      0.954193
2125      1.51158      0.873766
2126      1.52245      0.899231
2127      1.52062      0.882971
2128      1.53661      0.9277
2129      1.51392      0.862147
2130      1.50576      0.841736
2131      1.55336      0.939717
2132      1.48755      0.756379
2133      1.49      0.77465
2134      1.49235      0.79224
2135      1.49697      0.826699
2136      1.49971      0.808464
2137      1.53929      0.912386
2138      1.5726      0.978902
2139      1.5      0.7
2140      1.50317      0.719708
2141      1.50448      0.739728
2142      1.571      0.965199
2143      1.55131      0.924933
2144      1.56937      0.951215
2145      1.52642      0.864319
2146      1.53787      0.896734
2147      1.53274      0.880767
2148      1.52373      0.847588
2149      1.51487      0.831952
2150      1.5677      0.936936
2151      1.55328      0.894386
2152      1.50664      0.758888
2153      1.51237      0.776909
2154      1.51529      0.795069
2155      1.51289      0.814341
2156      1.55434      0.90983
2157      1.58592      0.975779
2158      1.52      0.7
2159      1.52179      0.719708
2160      1.52541      0.738844
2161      1.58367      0.962257
2162      1.56599      0.922349
2163      1.58335      0.948455
2164      1.5426      0.8624
2165      1.53685      0.846736
2166      1.54485      0.878564
2167      1.53185      0.8305
2168      1.57902      0.934359
2169      1.56064      0.876573
2170      1.56558      0.892277
2171      1.52529      0.758204
2172      1.52699      0.776907
2173      1.53555      0.811755
2174      1.53308      0.794001
2175      1.57417      0.905235
2176      1.59924      0.972911
2177      1.54      0.7
2178      1.54133      0.719495
2179      1.54449      0.738446
2180      1.59824      0.958721
2181      1.58067      0.919956
2182      1.59536      0.945921
2183      1.55877      0.860608
2184      1.54997      0.845884
2185      1.54881      0.829005
2186      1.59617      0.929345
2187      1.57642      0.874729
2188      1.57787      0.890168
2189      1.57494      0.858949
2190      1.54939      0.756422
2191      1.5452      0.776052
2192      1.55292      0.810561
2193      1.55533      0.79209
2194      1.58922      0.903209
2195      1.61256      0.970304
2196      1.56      0.7
2197      1.5618      0.719116
2198      1.56358      0.738079
2199      1.61087      0.956275
2200      1.59509      0.914132
2201      1.60914      0.94192
2202      1.56378      0.842817
2203      1.56103      0.826323
2204      1.60737      0.927224
2205      1.59172      0.866247
2206      1.58983      0.885566
2207      1.58639      0.853573
2208      1.58034      0.84147
2209      1.60555      0.912174
2210      1.5653      0.756422
2211      1.57063      0.773908
2212      1.57029      0.809457
2213      1.56866      0.79209
2214      1.6037      0.896758
2215      1.62587      0.967964
2216      1.58      0.7
2217      1.58142      0.720132
2218      1.58478      0.73969
2219      1.62557      0.95408
2220      1.62526      0.93987
2221      1.62176      0.925319
2222      1.57799      0.825146
2223      1.6018      0.880964
2224      1.60375      0.864854
2225      1.59785      0.848196
2226      1.5958      0.831202
2227      1.62032      0.910415
2228      1.61304      0.888056
2229      1.58709      0.758841
2230      1.58935      0.777661
2231      1.5937      0.813787
2232      1.58682      0.796754
2233      1.62428      0.895148
2234      1.63919      0.965895
2235      1.6      0.7
2236      1.60191      0.719828
2237      1.6038      0.739401
2238      1.6382      0.952139
2239      1.63718      0.938058
2240      1.63614      0.923638
2241      1.62393      0.879501
2242      1.61578      0.863461
2243      1.6142      0.847024
2244      1.60933      0.830691
2245      1.63507      0.908864
2246      1.63381      0.885997
2247      1.60273      0.758841
2248      1.60361      0.777661
2249      1.6109      0.812908
2250      1.60919      0.795151
2251      1.64369      0.892492
2252      1.65251      0.964102
2253      1.62      0.7
2254      1.62142      0.7197
2255      1.62086      0.7394
2256      1.65083      0.950457
2257      1.64911      0.936488
2258      1.65052      0.922179
2259      1.63171      0.862302
2260      1.6418      0.877088
2261      1.63054      0.845995
2262      1.62285      0.83018
2263      1.64983      0.907518
2264      1.64764      0.861295
2265      1.6271      0.757691
2266      1.62169      0.777079
2267      1.62809      0.81214
2268      1.62683      0.794573
2269      1.65883      0.89145
2270      1.65732      0.876141
2271      1.66583      0.962586
2272      1.66449      0.949035
2273      1.64      0.7
2274      1.64093      0.71959
2275      1.64381      0.738734
2276      1.66522      0.93516
2277      1.66173      0.920946
2278      1.64687      0.845101
2279      1.63582      0.828496
2280      1.66458      0.906381
2281      1.66356      0.860443
2282      1.64745      0.775745
2283      1.64273      0.757691
2284      1.64445      0.794016
2285      1.65091      0.810906
2286      1.67396      0.890599
2287      1.67285      0.875368
2288      1.67915      0.961349
2289      1.67816      0.947875
2290      1.66      0.7
2291      1.66043      0.719497
2292      1.66086      0.738734
2293      1.67715      0.934077
2294      1.67928      0.91994
2295      1.65257      0.827836
2296      1.6632      0.844345
2297      1.67933      0.905452
2298      1.67948      0.859748
2299      1.66419      0.757181
2300      1.66208      0.793545
2301      1.66168      0.775745
2302      1.66809      0.810444
2303      1.68909      0.88994
2304      1.68837      0.874769
2305      1.69246      0.960391
2306      1.69285      0.946976
2307      1.68      0.7
2308      1.67994      0.719421
2309      1.67987      0.738581
2310      1.69325      0.933238
2311      1.69049      0.919161
2312      1.66933      0.827296
2313      1.67953      0.843727
2314      1.69407      0.904734
2315      1.69151      0.859287
2316      1.67975      0.775439
2317      1.67981      0.757181
2318      1.6797      0.793161
2319      1.68527      0.810086
2320      1.70388      0.874344
2321      1.70422      0.889471
2322      1.70578      0.959711
2323      1.70548      0.946338
2324      1.7      0.7
2325      1.70043      0.71932
2326      1.70282      0.738328
2327      1.70127      0.756877
2328      1.70518      0.932642
2329      1.70487      0.918608
2330      1.68607      0.826878
2331      1.69585      0.843253
2332      1.70455      0.904222
2333      1.70354      0.858827
2334      1.69782      0.775206
2335      1.70206      0.792651
2336      1.70282      0.826581
2337      1.70808      0.80968
2338      1.71945      0.858602
2339      1.71628      0.88174
2340      1.71929      0.90392
2341      1.7191      0.959307
2342      1.71812      0.945959
2343      1.72      0.7
2344      1.71993      0.719295
2345      1.71987      0.738394
2346      1.7198      0.756894
2347      1.71919      0.932288
2348      1.71608      0.918278
2349      1.71951      0.84271
2350      1.74      0.7
2351      1.72359      0.774898
2352      1.71968      0.792531
2353      1.72605      0.826346
2354      1.72244      0.809655
2355      1.72834      0.874008
2356      1.73536      0.858524
2357      1.72906      0.889102
2358      1.73362      0.918171
2359      1.73404      0.903819
2360      1.73178      0.945835
2361      1.73242      0.959175
2362      1.73944      0.719287
2363      1.73888      0.738311
2364      1.74126      0.756895
2365      1.73113      0.932172
2366      1.73583      0.842641
2367      1.75993      0.719321
2368      1.76      0.7
2369      1.73729      0.792484
2370      1.74166      0.774938
2371      1.73955      0.826378
2372      1.73679      0.809631
2373      1.75042      0.874096
2374      1.74419      0.889198
2375      1.74739      0.858676
2376      1.74722      0.932292
2377      1.74799      0.918283
2378      1.74878      0.903923
2379      1.74544      0.945963
2380      1.74574      0.959311
2381      1.75789      0.738395
2382      1.75687      0.756895
2383      1.75215      0.842713
2384      1.77887      0.738528
2385      1.77844      0.71932
2386      1.78      0.7
2387      1.8      0.7
2388      1.84      0.7
2389      1.75973      0.775032
2390      1.82      0.7
2391      1.75966      0.792652
2392      1.75397      0.809687
2393      1.75305      0.82641
2394      1.76265      0.874427
2395      1.76472      0.889473
2396      1.75942      0.858827
2397      1.7592      0.918607
2398      1.7591      0.946336
2399      1.76124      0.932641
2400      1.76353      0.904223
2401      1.75906      0.959709
2402      1.77833      0.757094
2403      1.77395      0.775038
2404      1.76847      0.842913
2405      1.79687      0.757172
2406      1.79985      0.738721
2407      1.79894      0.719419
2408      1.81943      0.719579
2409      1.85844      0.719798
2410      1.86      0.7
2411      1.83894      0.719681
2412      1.88      0.7
2413      1.76513      0.818281
2414      1.78203      0.793145
2415      1.77678      0.810085
2416      1.77628      0.826875
2417      1.77488      0.874758
2418      1.77145      0.859269
2419      1.774      0.904717
2420      1.77714      0.890011
2421      1.77358      0.919142
2422      1.77277      0.946951
2423      1.77317      0.933215
2424      1.77237      0.960363
2425      1.79971      0.775717
2426      1.78313      0.843696
2427      1.81541      0.75739
2428      1.8169      0.738721
2429      1.83788      0.739103
2430      1.874      0.714087
2431      1.8727      0.728801
2432      1.85494      0.739103
2433      1.89333      0.713416
2434      1.9      0.7
2435      1.7949      0.793145
2436      1.87141      0.743515
2437      1.81394      0.775717
2438      1.79958      0.810858
2439      1.79303      0.82727
2440      1.78711      0.875402
2441      1.78348      0.859711
2442      1.78447      0.905396
2443      1.78956      0.89055
2444      1.78479      0.919878
2445      1.78718      0.934007
2446      1.78643      0.947798
2447      1.78569      0.961265
2448      1.81727      0.793946
2449      1.79945      0.844275
2450      1.83395      0.757653
2451      1.85541      0.758309
2452      1.888      0.728175
2453      1.91      0.725156
2454      1.92      0.7
2455      1.88416      0.754022
2456      1.83586      0.776477
2457      1.94      0.7
2458      1.96      0.7
2459      1.81676      0.811383
2460      1.80978      0.827777
2461      1.79933      0.876047
2462      1.80717      0.860361
2463      1.79922      0.90626
2464      1.80469      0.891342
2465      1.80234      0.920811
2466      1.79911      0.93501
2467      1.79906      0.94887
2468      1.79901      0.962406
2469      1.83113      0.811689
2470      1.83489      0.794456
2471      1.81212      0.844624
2472      1.8501      0.776477
2473      1.86935      0.775022
2474      1.902      0.742262
2475      1.91611      0.739411
2476      1.93333      0.726833
2477      1.89006      0.767202
2478      1.84777      0.794456
2479      1.952      0.72415
2480      1.97333      0.713416
2481      1.98      0.7
2482      2      0.7
2483      1.82653      0.828389
2484      1.82144      0.876916
2485      1.82309      0.861145
2486      1.81397      0.907298
2487      1.81983      0.892296
2488      1.81354      0.921933
2489      1.81522      0.936216
2490      1.81375      0.950158
2491      1.81233      0.963776
2492      1.8455      0.811994
2493      1.82479      0.844973
2494      1.86347      0.78987
2495      1.87952      0.785181
2496      1.92222      0.753666
2497      1.90892      0.767188
2498      1.94      0.750312
2499      1.89595      0.780383
2500      1.86271      0.809655
2501      1.97      0.730187
2502      1.96      0.740249
2503      1.98667      0.726833
2504      2      0.720125
2505      1.83367      0.877993
2506      1.84113      0.845784
2507      1.84977      0.829908
2508      1.83225      0.893478
2509      1.83902      0.862056
2510      1.82872      0.908504
2511      1.8311      0.923236
2512      1.82924      0.937615
2513      1.82742      0.951653
2514      1.82564      0.965366
2515      1.88032      0.807262
2516      1.89633      0.795396
2517      1.93      0.770436
2518      1.91288      0.78313
2519      1.955      0.76289
2520      1.86656      0.825052
2521      1.985      0.745281
2522      1.96667      0.753666
2523      2      0.740249
2524      1.8459      0.87907
2525      1.85232      0.85793
2526      1.84005      0.953344
2527      1.86466      0.839693
2528      1.84347      0.909869
2529      1.84467      0.89466
2530      1.85687      0.869418
2531      1.8423      0.924711
2532      1.84116      0.939198
2533      1.83896      0.967162
2534      1.9016      0.814922
2535      1.88391      0.820037
2536      1.91996      0.80961
2537      1.93957      0.787076
2538      1.95333      0.780499
2539      1.92581      0.793654
2540      1.97      0.775468
2541      1.88173      0.834757
2542      1.98667      0.767082
2543      2      0.760374
2544      1.85887      0.885224
2545      1.86582      0.853739
2546      1.85138      0.9443
2547      1.8501      0.958428
2548      1.85348      0.919939
2549      1.87955      0.849477
2550      1.86109      0.898479
2551      1.86522      0.912556
2552      1.87437      0.877646
2553      1.87694      0.863687
2554      1.8579      0.932395
2555      1.85228      0.969154
2556      1.91634      0.829867
2557      1.89917      0.829949
2558      1.93875      0.804178
2559      1.93506      0.822785
2560      1.958      0.798611
2561      1.985      0.788045
2562      1.89679      0.844721
2563      2      0.780499
2564      1.87185      0.891379
2565      1.86161      0.949403
2566      1.8625      0.960273
2567      1.89444      0.859262
2568      1.88018      0.909697
2569      1.8755      0.921504
2570      1.89118      0.883707
2571      1.8735      0.94008
2572      1.86559      0.971327
2573      1.9128      0.84966
2574      1.93137      0.841902
2575      1.95403      0.817526
2576      1.95017      0.835961
2577      1.972      0.812698
2578      1.98667      0.807332
2579      2      0.800623
2580      1.88497      0.897605
2581      1.87307      0.951098
2582      1.87578      0.961443
2583      1.88577      0.930452
2584      1.90934      0.869047
2585      1.89193      0.917366
2586      1.89827      0.903913
2587      1.90692      0.885319
2588      1.88632      0.951212
2589      1.87891      0.973668
2590      1.92756      0.861615
2591      1.94639      0.853937
2592      1.97087      0.830574
2593      1.96517      0.843528
2594      1.986      0.826785
2595      2      0.820748
2596      1.89018      0.965052
2597      1.89715      0.933271
2598      1.89722      0.945364
2599      1.94271      0.87148
2600      1.92423      0.878831
2601      1.90688      0.92174
2602      1.90925      0.89777
2603      1.91157      0.910221
2604      1.90191      0.956094
2605      1.89223      0.976163
2606      1.96866      0.865446
2607      1.98409      0.853351
2608      2      0.840873
2609      1.90227      0.967306
2610      1.90852      0.936089
2611      1.95809      0.881554
2612      1.93912      0.888616
2613      1.93238      0.906506
2614      1.92026      0.918271
2615      1.92365      0.948454
2616      1.91541      0.960044
2617      1.90554      0.978795
2618      1.97192      0.887129
2619      1.98568      0.874322
2620      2      0.860997
2621      1.91718      0.971045
2622      1.92699      0.936921
2623      1.95868      0.899444
2624      1.94498      0.906164
2625      1.94035      0.92671
2626      1.92893      0.959594
2627      1.94093      0.942309
2628      1.91886      0.98155
2629      1.97234      0.905514
2630      1.98412      0.893258
2631      2      0.881122
2632      1.92864      0.971871
2633      1.95936      0.916962
2634      1.95465      0.932773
2635      1.94254      0.963983
2636      1.94987      0.950855
2637      1.93218      0.98441
2638      1.96927      0.926475
2639      1.98418      0.912242
2640      2      0.901247
2641      1.94177      0.975493
2642      1.96943      0.944041
2643      1.95626      0.969174
2644      1.96287      0.955883
2645      1.94549      0.98736
2646      1.98687      0.933577
2647      2      0.921371
2648      1.9844      0.954621
2649      1.9677      0.979833
2650      1.95881      0.990382
2651      1.97017      0.966598
2652      2      0.941496
2653      2      0.961621
2654      1.9845      0.972443
2655      1.98027      0.98415
2656      1.97212      0.993459
2657      2      0.981596
2658      1.98544      0.996573
2659      2      1
