0      0      1
1      0.0242487      0.994305
2      0      1.03058
3      0.0233023      1.02729
4      0.0442401      1.02434
5      0.0464198      0.989189
6      0.0568755      1.00354
7      0      1.06376
8      0.04053      1.04466
9      0.0652654      1.02281
10      0.0685916      0.984244
11      0.0752785      0.99962
12      0      2
13      0      1.96656
14      0      1.66563
15      0      1.69906
16      0      1.83281
17      0      1.86625
18      0      1.93313
19      0      1.89969
20      0.025      1.94984
21      0      1.63219
22      0      1.59875
23      0      1.56532
24      0.0741243      1.04317
25      0      1.39813
26      0      1.23094
27      0      1.36469
28      0      1.26438
29      0      1.29782
30      0      1.33125
31      0      1.19751
32      0      1.09719
33      0      1.13063
34      0      1.16407
35      0.0368352      1.07993
36      0.0663331      1.06192
37      0.0904993      1.02385
38      0.0907641      0.979548
39      0.0993523      0.993878
40      0.0333333      2
41      0.05      1.96656
42      0.025      1.65518
43      0.0244444      1.68792
44      0      1.7325
45      0      1.76594
46      0      1.79938
47      0.0230769      1.72221
48      0.025      1.82445
49      0.025      1.85371
50      0.0222222      1.88854
51      0.0266667      1.91975
52      0.0533333      1.93981
53      0.0240741      1.62104
54      0.0240741      1.58946
55      0.0470588      1.64596
56      0      1.43157
57      0.0238095      1.55417
58      0      1.53188
59      0      1.465
60      0      1.49844
61      0.0986097      1.05454
62      0.0225256      1.20609
63      0.0267288      1.41297
64      0.0268265      1.37992
65      0.0232349      1.24181
66      0.0269407      1.34691
67      0.0249204      1.27619
68      0.0261439      1.31086
69      0.0221885      1.17402
70      0.0404866      1.11352
71      0.023965      1.14009
72      0.0614823      1.09578
73      0.0904336      1.0736
74      0.107235      1.01312
75      0.116079      1.03514
76      0.112938      0.975179
77      0.123551      1.00265
78      0.0666667      2
79      0.075      1.97492
80      0.05      1.67817
81      0.047619      1.71339
82      0.0242424      1.75682
83      0.0242424      1.78722
84      0.0484848      1.8085
85      0.0461538      1.74536
86      0.0518519      1.84396
87      0.047619      1.88058
88      0.0555556      1.91083
89      0.0766667      1.92811
90      0.0888889      1.95542
91      0.0722222      1.66563
92      0.0481481      1.61361
93      0.047619      1.57646
94      0.047619      1.54621
95      0.0722222      1.63776
96      0.0266471      1.44606
97      0.0238095      1.52232
98      0.0265379      1.48025
99      0.0532941      1.42712
100      0.119877      1.0577
101      0.0446      1.18174
102      0.0493739      1.21987
103      0.0554259      1.39525
104      0.055685      1.3626
105      0.0498523      1.25747
106      0.0519463      1.32568
107      0.0522879      1.29046
108      0.0632266      1.12377
109      0.0480388      1.15104
110      0.0848211      1.10773
111      0.0728569      1.16795
112      0.114649      1.0866
113      0.135476      1.02619
114      0.14136      1.04788
115      0.135113      0.971208
116      0.149018      0.998551
117      0.1      2
118      0.119048      1.95223
119      0.111111      1.97771
120      0.0727273      1.82977
121      0.06875      1.70115
122      0.0714286      1.73728
123      0.0727273      1.80546
124      0.05      1.77708
125      0.0933333      1.85956
126      0.075      1.87461
127      0.1      1.91641
128      0.125      1.92477
129      0.0962963      1.68792
130      0.0982456      1.65683
131      0.0500499      1.5184
132      0.07      1.6021
133      0.0714286      1.57009
134      0.0790082      1.54129
135      0.0933333      1.6255
136      0.0549115      1.4628
137      0.0524807      1.4906
138      0.0824916      1.41272
139      0.0796136      1.44385
140      0.144686      1.07131
141      0.0684068      1.19792
142      0.0776552      1.23916
143      0.0828517      1.37728
144      0.0803031      1.3401
145      0.0738787      1.26962
146      0.0805616      1.30798
147      0.0879613      1.14181
148      0.110039      1.13892
149      0.106535      1.11341
150      0.0965525      1.17735
151      0.130355      1.10912
152      0.154374      1.01747
153      0.162905      1.05121
154      0.157289      0.967704
155      0.167942      0.98921
156      0.175981      1.01124
157      0.169319      1.0727
158      0.133333      2
159      0.15      1.9582
160      0.163333      1.92978
161      0.1      1.82167
162      0.0916667      1.72414
163      0.102564      1.79166
164      0.0952381      1.76116
165      0.145455      1.89361
166      0.121212      1.85409
167      0.116667      1.88297
168      0.138462      1.83796
169      0.117647      1.71677
170      0.12037      1.68606
171      0.119048      1.64334
172      0.0865878      1.51249
173      0.0952381      1.59398
174      0.102025      1.56296
175      0.108812      1.53194
176      0.119048      1.61786
177      0.0775673      1.47541
178      0.10148      1.4559
179      0.105463      1.39003
180      0.108885      1.42776
181      0.161495      1.09132
182      0.0974351      1.21326
183      0.102453      1.25649
184      0.105668      1.35805
185      0.105929      1.32621
186      0.106614      1.28964
187      0.119927      1.1639
188      0.132117      1.13602
189      0.127082      1.20183
190      0.164151      1.12685
191      0.131158      1.37176
192      0.188032      1.05521
193      0.180576      1.03172
194      0.179467      0.964731
195      0.18644      0.980078
196      0.193451      1.01037
197      0.191081      1.07874
198      0.166667      2
199      0.181481      1.95542
200      0.175      1.88854
201      0.193939      1.92705
202      0.128205      1.81481
203      0.125      1.74713
204      0.122222      1.77708
205      0.15      1.86625
206      0.166667      1.83281
207      0.14049      1.70624
208      0.144444      1.7325
209      0.142857      1.66563
210      0.142857      1.64174
211      0.11559      1.50096
212      0.121807      1.5828
213      0.131535      1.55302
214      0.13853      1.50822
215      0.148558      1.60792
216      0.122182      1.47083
217      0.128773      1.4407
218      0.135365      1.41057
219      0.185505      1.10896
220      0.127084      1.23211
221      0.127057      1.26928
222      0.136297      1.34225
223      0.136801      1.31085
224      0.165209      1.15444
225      0.143109      1.17362
226      0.151162      1.21332
227      0.187822      1.1458
228      0.15644      1.39118
229      0.156606      1.35367
230      0.201051      0.99337
231      0.208002      1.04906
232      0.20229      1.02596
233      0.201646      0.962345
234      0.208408      0.976916
235      0.219478      1.00854
236      0.224534      1.06199
237      0.215479      1.0971
238      0.2      2
239      0.218182      1.95136
240      0.21      1.97659
241      0.1975      1.8774
242      0.207692      1.9074
243      0.230769      1.93055
244      0.160417      1.79311
245      0.15      1.77012
246      0.183333      1.8161
247      0.195556      1.84396
248      0.163333      1.69572
249      0.168519      1.73436
250      0.166667      1.66563
251      0.174144      1.63213
252      0.146638      1.48206
253      0.154259      1.5741
254      0.15996      1.54028
255      0.165643      1.50657
256      0.181621      1.59863
257      0.154745      1.45589
258      0.159177      1.4251
259      0.207947      1.11735
260      0.157521      1.2538
261      0.175035      1.23325
262      0.157193      1.28454
263      0.15673      1.32252
264      0.18872      1.1738
265      0.175139      1.20344
266      0.210395      1.15572
267      0.198393      1.2157
268      0.185262      1.40816
269      0.187534      1.3767
270      0.187913      1.3389
271      0.227972      1.0429
272      0.223827      0.960596
273      0.229073      0.97591
274      0.236181      0.991613
275      0.241043      1.02255
276      0.246701      1.05769
277      0.248884      1.08182
278      0.230263      1.11144
279      0.233333      2
280      0.25      1.95542
281      0.25641      1.93055
282      0.22      1.86625
283      0.238095      1.90446
284      0.188235      1.78758
285      0.192593      1.75851
286      0.216667      1.79938
287      0.235294      1.83478
288      0.190476      1.68951
289      0.186667      1.71913
290      0.195022      1.6568
291      0.199568      1.62408
292      0.180718      1.47108
293      0.182927      1.57433
294      0.191467      1.50155
295      0.184232      1.55003
296      0.18785      1.52579
297      0.204073      1.59166
298      0.205593      1.42129
299      0.18299      1.43962
300      0.221608      1.46547
301      0.243335      1.14141
302      0.206821      1.24868
303      0.181795      1.27471
304      0.181531      1.30527
305      0.207147      1.18983
306      0.227391      1.16844
307      0.230773      1.21238
308      0.230635      1.24155
309      0.208838      1.39038
310      0.205929      1.35725
311      0.213227      1.32986
312      0.246009      0.959528
313      0.252414      0.975163
314      0.259636      1.00647
315      0.263085      1.02724
316      0.268715      1.06461
317      0.271452      1.04496
318      0.264402      1.0981
319      0.252432      1.12065
320      0.266667      2
321      0.285714      1.95223
322      0.276923      1.97685
323      0.297917      1.93104
324      0.2625      1.88506
325      0.275      1.90805
326      0.25      1.86207
327      0.214286      1.7325
328      0.221053      1.77122
329      0.240741      1.80681
330      0.264815      1.83096
331      0.221852      1.67953
332      0.229974      1.7084
333      0.227913      1.63591
334      0.23188      1.60625
335      0.217292      1.49653
336      0.208504      1.55978
337      0.212935      1.52789
338      0.235879      1.57587
339      0.230141      1.40406
340      0.225924      1.43441
341      0.250407      1.45074
342      0.246195      1.48163
343      0.260691      1.15518
344      0.27826      1.14128
345      0.230585      1.27114
346      0.214008      1.29133
347      0.249456      1.20325
348      0.244387      1.18116
349      0.254526      1.22533
350      0.254423      1.25455
351      0.231633      1.37455
352      0.238544      1.34359
353      0.238794      1.31365
354      0.258564      1.38974
355      0.268191      0.959176
356      0.274426      0.974472
357      0.279955      0.992395
358      0.285125      1.0255
359      0.285645      1.08206
360      0.288972      1.05564
361      0.28683      1.10748
362      0.310289      1.13167
363      0.3      2
364      0.305882      1.90559
365      0.309524      1.97612
366      0.325      1.93104
367      0.288889      1.86625
368      0.238095      1.73728
369      0.256667      1.78935
370      0.261905      1.76116
371      0.28      1.81275
372      0.294737      1.83985
373      0.262187      1.70066
374      0.253228      1.66955
375      0.256458      1.64519
376      0.259687      1.62084
377      0.263253      1.59196
378      0.241943      1.51281
379      0.239423      1.55036
380      0.260552      1.56926
381      0.270952      1.49774
382      0.254352      1.42005
383      0.277526      1.44833
384      0.274239      1.47303
385      0.278047      1.16895
386      0.301152      1.16593
387      0.25441      1.28414
388      0.283178      1.26018
389      0.278197      1.19711
390      0.27826      1.23797
391      0.262765      1.3595
392      0.263521      1.32738
393      0.278445      1.30752
394      0.282779      1.40568
395      0.286986      1.37541
396      0.290375      0.959567
397      0.308035      1.09094
398      0.29645      0.97637
399      0.299776      0.994163
400      0.306739      1.01209
401      0.307155      1.03125
402      0.306492      1.06631
403      0.323462      1.11042
404      0.324108      1.15078
405      0.346169      1.12099
406      0.333333      2
407      0.34375      1.97701
408      0.312963      1.87925
409      0.337037      1.9034
410      0.35      1.95402
411      0.361111      1.92755
412      0.326667      1.85956
413      0.271145      1.73178
414      0.285714      1.78505
415      0.292484      1.75318
416      0.309524      1.80893
417      0.333333      1.83281
418      0.2944      1.69292
419      0.284604      1.65956
420      0.28742      1.63539
421      0.292401      1.59529
422      0.285225      1.56265
423      0.278089      1.53019
424      0.29803      1.51084
425      0.299906      1.48269
426      0.292789      1.43118
427      0.303544      1.45207
428      0.308052      1.41403
429      0.336846      1.18323
430      0.301323      1.19356
431      0.288097      1.2824
432      0.301927      1.25035
433      0.301582      1.22174
434      0.287684      1.34576
435      0.300132      1.32065
436      0.31258      1.29553
437      0.311207      1.39132
438      0.31265      1.35966
439      0.312558      0.96072
440      0.328765      1.07476
441      0.317465      0.978218
442      0.323795      0.996204
443      0.325678      1.01517
444      0.326958      1.05085
445      0.352456      1.10001
446      0.346641      1.14765
447      0.368824      1.12126
448      0.366667      2
449      0.376471      1.9764
450      0.35      1.88297
451      0.373333      1.90638
452      0.385185      1.9517
453      0.357143      1.8567
454      0.304195      1.72628
455      0.325694      1.70013
456      0.315869      1.77704
457      0.323062      1.7452
458      0.343057      1.80408
459      0.363405      1.82449
460      0.320364      1.675
461      0.315035      1.64988
462      0.318889      1.61776
463      0.324481      1.58854
464      0.306729      1.54744
465      0.327001      1.48913
466      0.328234      1.53224
467      0.329193      1.45792
468      0.332383      1.4315
469      0.335428      1.40723
470      0.355192      1.47997
471      0.369844      1.17425
472      0.360391      1.19541
473      0.33664      1.21097
474      0.31945      1.26503
475      0.324765      1.23412
476      0.32301      1.33689
477      0.33337      1.31412
478      0.336972      1.2797
479      0.345688      1.35425
480      0.337214      1.37579
481      0.334742      0.962645
482      0.351003      1.0751
483      0.339551      0.979899
484      0.343832      0.99942
485      0.347678      1.01641
486      0.350994      1.03842
487      0.373093      1.08451
488      0.369355      1.14738
489      0.387949      1.15627
490      0.390542      1.11593
491      0.4      2
492      0.409259      1.97771
493      0.417544      1.95424
494      0.380952      1.88058
495      0.404762      1.91083
496      0.388188      1.84293
497      0.336779      1.72085
498      0.354039      1.6881
499      0.348176      1.7618
500      0.35321      1.73733
501      0.393477      1.81616
502      0.377688      1.77482
503      0.37659      1.79922
504      0.349708      1.66417
505      0.345378      1.64023
506      0.350969      1.611
507      0.356561      1.58178
508      0.342397      1.55701
509      0.353203      1.51657
510      0.381191      1.50202
511      0.361779      1.39193
512      0.356532      1.44849
513      0.35965      1.42314
514      0.382531      1.47054
515      0.392536      1.18594
516      0.38396      1.20734
517      0.360279      1.22323
518      0.348514      1.25948
519      0.354161      1.33271
520      0.36024      1.298
521      0.372221      1.36692
522      0.356924      0.965343
523      0.371249      1.06033
524      0.37045      1.04138
525      0.361635      0.98397
526      0.365852      1.0017
527      0.369668      1.02284
528      0.392545      1.08864
529      0.388547      1.06598
530      0.406542      1.16517
531      0.40636      1.13889
532      0.413042      1.11772
533      0.411996      1.09277
534      0.433333      2
535      0.442105      1.97712
536      0.428571      1.92835
537      0.452381      1.95223
538      0.411698      1.87235
539      0.435168      1.90091
540      0.419233      1.82917
541      0.382384      1.67608
542      0.36904      1.71548
543      0.378786      1.75041
544      0.410123      1.79437
545      0.402166      1.77275
546      0.393138      1.64735
547      0.375721      1.63057
548      0.381195      1.60088
549      0.378476      1.56584
550      0.379852      1.5335
551      0.407177      1.50971
552      0.407634      1.48234
553      0.430094      1.19782
554      0.429585      1.17672
555      0.386343      1.40807
556      0.383871      1.43905
557      0.408092      1.45496
558      0.407362      1.20681
559      0.394059      1.22825
560      0.384856      1.28033
561      0.38408      1.24912
562      0.407865      1.39044
563      0.382663      1.3419
564      0.384419      1.31121
565      0.406622      1.29503
566      0.406025      1.35736
567      0.430604      1.21892
568      0.379106      0.968807
569      0.39121      1.04576
570      0.388842      1.02789
571      0.383715      0.987242
572      0.385953      1.00629
573      0.412633      1.07355
574      0.41327      1.05434
575      0.436306      1.15482
576      0.435523      1.12855
577      0.434348      1.10325
578      0.433216      1.07876
579      0.455795      1.15929
580      0.466667      2
581      0.47619      1.97771
582      0.458223      1.9196
583      0.482812      1.94378
584      0.442444      1.86412
585      0.465574      1.89098
586      0.446334      1.83978
587      0.450224      1.81543
588      0.409272      1.73907
589      0.410556      1.66413
590      0.401204      1.71013
591      0.443015      1.78961
592      0.432958      1.76072
593      0.439302      1.72789
594      0.405315      1.62116
595      0.405783      1.59313
596      0.406252      1.5651
597      0.429318      1.58046
598      0.43223      1.47838
599      0.40672      1.53709
600      0.429781      1.50581
601      0.453182      1.20426
602      0.459931      1.18309
603      0.432662      1.45605
604      0.410908      1.42421
605      0.455784      1.45014
606      0.437324      1.40706
607      0.420038      1.24079
608      0.409472      1.26266
609      0.429386      1.37282
610      0.428826      1.27886
611      0.408142      1.32697
612      0.432716      1.30098
613      0.431865      1.34272
614      0.450827      1.23581
615      0.401287      0.973019
616      0.410909      1.03138
617      0.408052      1.01291
618      0.405792      0.9927
619      0.431732      1.06076
620      0.430191      1.03755
621      0.457947      1.13944
622      0.451419      1.11014
623      0.455478      1.08891
624      0.45396      1.0701
625      0.475278      1.16376
626      0.477202      1.14407
627      0.5      2
628      0.505842      1.96737
629      0.495811      1.91882
630      0.513243      1.93532
631      0.472789      1.856
632      0.493781      1.8902
633      0.476278      1.82334
634      0.482091      1.79163
635      0.432678      1.70489
636      0.438004      1.65249
637      0.435341      1.67869
638      0.462841      1.74905
639      0.469043      1.71683
640      0.487384      1.76452
641      0.456825      1.47443
642      0.434625      1.61183
643      0.453496      1.57626
644      0.443505      1.55687
645      0.452385      1.50191
646      0.447945      1.52939
647      0.478261      1.46863
648      0.478674      1.21291
649      0.488506      1.19393
650      0.458115      1.42565
651      0.478905      1.44424
652      0.452747      1.38827
653      0.439827      1.25733
654      0.455588      1.35848
655      0.451199      1.29373
656      0.436613      1.32315
657      0.461523      1.33401
658      0.471051      1.25271
659      0.423466      0.977954
660      0.430142      1.01735
661      0.426979      0.99814
662      0.452349      1.04624
663      0.450395      1.02376
664      0.479125      1.12438
665      0.477737      1.09918
666      0.474511      1.05151
667      0.476198      1.07484
668      0.498338      1.17495
669      0.497468      1.1497
670      0.498749      1.12961
671      0.533333      2
672      0.539573      1.96793
673      0.517526      1.90211
674      0.544247      1.93532
675      0.502779      1.84797
676      0.526385      1.87112
677      0.505414      1.81518
678      0.511137      1.78359
679      0.465452      1.64085
680      0.467247      1.67884
681      0.492678      1.7374
682      0.498534      1.70585
683      0.516513      1.75479
684      0.480988      1.49281
685      0.463935      1.60251
686      0.477674      1.57207
687      0.472462      1.54766
688      0.476725      1.52023
689      0.499696      1.46283
690      0.499583      1.44101
691      0.495442      1.23252
692      0.520553      1.18992
693      0.507998      1.21122
694      0.476109      1.40373
695      0.49947      1.41918
696      0.479311      1.37424
697      0.472311      1.28065
698      0.486111      1.34474
699      0.473572      1.30859
700      0.492535      1.29755
701      0.502461      1.25581
702      0.445644      0.983578
703      0.449092      1.00352
704      0.472564      1.03201
705      0.471204      1.01083
706      0.494735      1.03816
707      0.500031      1.10952
708      0.494999      1.08234
709      0.496681      1.06093
710      0.520262      1.16072
711      0.523632      1.13941
712      0.518087      1.11733
713      0.544373      1.17126
714      0.566667      2
715      0.57174      1.96793
716      0.552053      1.90378
717      0.576814      1.93585
718      0.53277      1.83994
719      0.558197      1.8722
720      0.534549      1.80702
721      0.540184      1.77555
722      0.494689      1.6548
723      0.492767      1.62927
724      0.496612      1.68032
725      0.521888      1.72599
726      0.528134      1.69168
727      0.551756      1.7472
728      0.509166      1.48876
729      0.505151      1.51119
730      0.492809      1.59332
731      0.501437      1.56451
732      0.501037      1.53857
733      0.519318      1.61801
734      0.527773      1.46659
735      0.523112      1.42611
736      0.529659      1.23019
737      0.542768      1.20489
738      0.526757      1.40575
739      0.503034      1.38999
740      0.510451      1.35535
741      0.511497      1.2865
742      0.511044      1.31682
743      0.526413      1.26811
744      0.46782      0.98985
745      0.492461      1.018
746      0.489995      0.996719
747      0.514613      1.02504
748      0.516911      1.0472
749      0.517421      1.09251
750      0.516337      1.06872
751      0.542117      1.14653
752      0.544521      1.12509
753      0.539806      1.10275
754      0.567929      1.15691
755      0.568485      1.18181
756      0.6      2
757      0.605653      1.9674
758      0.581888      1.90378
759      0.611307      1.9348
760      0.56034      1.83994
761      0.590016      1.87318
762      0.570227      1.81036
763      0.570863      1.77757
764      0.523726      1.65484
765      0.556525      1.68427
766      0.551098      1.71459
767      0.582096      1.74935
768      0.587886      1.71959
769      0.53373      1.5049
770      0.54476      1.63756
771      0.529314      1.52957
772      0.521086      1.58432
773      0.5252      1.55695
774      0.54587      1.60674
775      0.551689      1.48381
776      0.54638      1.44441
777      0.55048      1.42151
778      0.564983      1.21986
779      0.552759      1.25962
780      0.555151      1.23884
781      0.544911      1.38691
782      0.534791      1.36596
783      0.536437      1.33036
784      0.531721      1.30339
785      0.550366      1.28041
786      0.512168      1.00413
787      0.534339      1.01202
788      0.536769      1.03372
789      0.539098      1.05649
790      0.541075      1.08034
791      0.563486      1.13266
792      0.565381      1.11079
793      0.560975      1.08855
794      0.585072      1.14027
795      0.593741      1.16729
796      0.592596      1.19235
797      0.589897      1.21359
798      0.633333      2
799      0.639421      1.96777
800      0.61696      1.90219
801      0.645509      1.93553
802      0.591775      1.84128
803      0.625763      1.87106
804      0.596666      1.81036
805      0.606957      1.78116
806      0.570201      1.65711
807      0.58612      1.68714
808      0.606316      1.74935
809      0.611024      1.71959
810      0.562068      1.51859
811      0.576147      1.62807
812      0.553477      1.54795
813      0.572421      1.59548
814      0.549363      1.57533
815      0.577492      1.4998
816      0.567959      1.40222
817      0.569647      1.46271
818      0.574203      1.43726
819      0.587198      1.23483
820      0.580758      1.26377
821      0.563065      1.36807
822      0.585438      1.38294
823      0.561829      1.3439
824      0.570715      1.31283
825      0.574318      1.29271
826      0.55651      1.02032
827      0.558929      1.04269
828      0.559683      1.06482
829      0.584832      1.1188
830      0.581966      1.07446
831      0.583331      1.09527
832      0.606499      1.13357
833      0.628245      1.15549
834      0.624895      1.1742
835      0.621078      1.20006
836      0.61307      1.22321
837      0.666667      2
838      0.671539      1.96777
839      0.651597      1.9033
840      0.676412      1.93553
841      0.627943      1.83886
842      0.657552      1.87176
843      0.633388      1.80746
844      0.638833      1.77606
845      0.605062      1.63131
846      0.595321      1.65859
847      0.615732      1.68983
848      0.644075      1.74583
849      0.64931      1.71564
850      0.582859      1.53718
851      0.599593      1.51355
852      0.621263      1.51571
853      0.600959      1.5992
854      0.57764      1.56633
855      0.592915      1.48101
856      0.591007      1.41753
857      0.607811      1.39781
858      0.597927      1.45302
859      0.609414      1.2498
860      0.597854      1.27433
861      0.587222      1.35743
862      0.612615      1.37097
863      0.594067      1.32849
864      0.598271      1.30501
865      0.578679      1.02895
866      0.580308      1.0513
867      0.605711      1.10525
868      0.602516      1.06067
869      0.605743      1.08311
870      0.629993      1.12176
871      0.654274      1.13828
872      0.649832      1.1631
873      0.645365      1.18805
874      0.640818      1.21344
875      0.636272      1.23883
876      0.7      2
877      0.704481      1.96791
878      0.683765      1.90374
879      0.708961      1.93582
880      0.663407      1.84076
881      0.686052      1.87177
882      0.669262      1.80976
883      0.675116      1.77876
884      0.629515      1.6027
885      0.670454      1.70233
886      0.643041      1.6371
887      0.62044      1.66006
888      0.654546      1.68544
889      0.674346      1.7475
890      0.686361      1.71922
891      0.632471      1.49042
892      0.610703      1.54145
893      0.642933      1.51787
894      0.616193      1.57409
895      0.654872      1.58088
896      0.628075      1.40333
897      0.624764      1.45811
898      0.616619      1.43039
899      0.638468      1.37689
900      0.631629      1.26477
901      0.61495      1.28489
902      0.617419      1.34414
903      0.637995      1.3502
904      0.622223      1.31731
905      0.600848      1.03784
906      0.623016      1.04691
907      0.626569      1.09171
908      0.625463      1.06959
909      0.658674      1.1137
910      0.642621      1.10271
911      0.681429      1.12227
912      0.674724      1.14659
913      0.669697      1.17114
914      0.669018      1.19583
915      0.659497      1.22096
916      0.660537      1.24609
917      0.656207      1.27176
918      0.733333      2
919      0.737419      1.96803
920      0.713442      1.90374
921      0.741505      1.93607
922      0.690738      1.84077
923      0.72111      1.87289
924      0.695425      1.80977
925      0.705762      1.77989
926      0.664758      1.62656
927      0.669784      1.59757
928      0.691984      1.68945
929      0.675857      1.6725
930      0.659731      1.65554
931      0.711018      1.7503
932      0.709111      1.71923
933      0.72153      1.69111
934      0.651619      1.46297
935      0.65969      1.49474
936      0.666481      1.52572
937      0.649652      1.54926
938      0.674811      1.56858
939      0.658571      1.35626
940      0.648338      1.40886
941      0.655962      1.43551
942      0.664338      1.38256
943      0.643833      1.29747
944      0.647433      1.32376
945      0.668185      1.32982
946      0.645184      1.05607
947      0.64696      1.07847
948      0.684611      1.09829
949      0.663013      1.08947
950      0.707938      1.10694
951      0.704188      1.13065
952      0.697786      1.15469
953      0.696543      1.17898
954      0.673697      1.27851
955      0.688311      1.20339
956      0.688747      1.22826
957      0.678637      1.25312
958      0.766667      2
959      0.770474      1.96711
960      0.745592      1.9041
961      0.774282      1.93421
962      0.722127      1.84154
963      0.749582      1.87289
964      0.726433      1.8107
965      0.736396      1.78085
966      0.693569      1.62916
967      0.698239      1.6004
968      0.697539      1.66003
969      0.722374      1.66098
970      0.734868      1.7503
971      0.739      1.7207
972      0.743131      1.69111
973      0.68349      1.44489
974      0.67782      1.47183
975      0.68458      1.51225
976      0.702241      1.48829
977      0.691237      1.54337
978      0.713709      1.57442
979      0.679251      1.36152
980      0.674558      1.41398
981      0.683993      1.39243
982      0.698984      1.42918
983      0.676773      1.30396
984      0.688937      1.33589
985      0.667352      1.06523
986      0.711689      1.08323
987      0.68952      1.07432
988      0.733858      1.09189
989      0.729544      1.11533
990      0.725229      1.13876
991      0.720854      1.16253
992      0.698309      1.28498
993      0.716433      1.18654
994      0.702933      1.25986
995      0.711989      1.21068
996      0.707461      1.23527
997      0.8      2
998      0.802541      1.96711
999      0.778089      1.90132
1000      0.805083      1.93421
1001      0.781788      1.86937
1002      0.753506      1.84219
1003      0.75743      1.81149
1004      0.761347      1.78084
1005      0.726687      1.60297
1006      0.722372      1.63151
1007      0.747208      1.66192
1008      0.76511      1.75141
1009      0.768872      1.72197
1010      0.772635      1.69254
1011      0.707743      1.46075
1012      0.711977      1.51583
1013      0.729316      1.49177
1014      0.719002      1.54639
1015      0.736395      1.57565
1016      0.699931      1.36677
1017      0.703647      1.40229
1018      0.719276      1.43334
1019      0.7241      1.40669
1020      0.710615      1.316
1021      0.712845      1.34925
1022      0.721849      1.29732
1023      0.756028      1.10022
1024      0.751155      1.12337
1025      0.747747      1.14797
1026      0.741339      1.17001
1027      0.721085      1.26626
1028      0.739294      1.19672
1029      0.726204      1.24193
1030      0.735013      1.22141
1031      0.833333      2
1032      0.836311      1.96725
1033      0.810182      1.90157
1034      0.837582      1.93438
1035      0.810093      1.86937
1036      0.785443      1.8378
1037      0.789097      1.80623
1038      0.792708      1.77503
1039      0.755124      1.60523
1040      0.760628      1.63494
1041      0.776342      1.66354
1042      0.796209      1.74479
1043      0.79971      1.71455
1044      0.803211      1.6843
1045      0.734474      1.46447
1046      0.749958      1.49309
1047      0.751649      1.52154
1048      0.746779      1.54896
1049      0.759081      1.57689
1050      0.739567      1.43749
1051      0.723798      1.3804
1052      0.744552      1.4111
1053      0.7613      1.42608
1054      0.734185      1.32841
1055      0.73361      1.35417
1056      0.744343      1.27757
1057      0.746547      1.30299
1058      0.7782      1.10812
1059      0.773486      1.13172
1060      0.770535      1.15531
1061      0.76398      1.17929
1062      0.754715      1.25271
1063      0.759144      1.20349
1064      0.758745      1.2279
1065      0.866667      2
1066      0.86837      1.96725
1067      0.839706      1.90157
1068      0.87178      1.9346
1069      0.841767      1.86972
1070      0.816732      1.83826
1071      0.819987      1.80679
1072      0.817381      1.77503
1073      0.783543      1.6072
1074      0.78941      1.63646
1075      0.806632      1.65475
1076      0.826363      1.74514
1077      0.822055      1.71455
1078      0.824391      1.6843
1079      0.761228      1.46761
1080      0.772908      1.52281
1081      0.770599      1.4944
1082      0.774519      1.5513
1083      0.787144      1.57904
1084      0.778047      1.44106
1085      0.759658      1.38486
1086      0.754374      1.35909
1087      0.785329      1.38891
1088      0.781702      1.41489
1089      0.759228      1.3334
1090      0.76398      1.30823
1091      0.768732      1.28307
1092      0.800373      1.11553
1093      0.796848      1.13885
1094      0.778764      1.25847
1095      0.791566      1.16217
1096      0.78974      1.18587
1097      0.778012      1.23393
1098      0.782569      1.2098
1099      0.9      2
1100      0.901281      1.9673
1101      0.874337      1.9019
1102      0.904267      1.93466
1103      0.87343      1.87
1104      0.843804      1.83825
1105      0.85086      1.80721
1106      0.847853      1.77571
1107      0.809148      1.58791
1108      0.806239      1.61635
1109      0.828935      1.62549
1110      0.835594      1.65591
1111      0.849803      1.74559
1112      0.859135      1.71619
1113      0.853704      1.68533
1114      0.80101      1.47056
1115      0.794168      1.52409
1116      0.79761      1.49716
1117      0.814845      1.53216
1118      0.816651      1.56819
1119      0.802234      1.55333
1120      0.784264      1.33792
1121      0.804375      1.44423
1122      0.788897      1.36337
1123      0.805943      1.39228
1124      0.807694      1.41827
1125      0.78869      1.313
1126      0.79941      1.28807
1127      0.797437      1.26375
1128      0.822547      1.12238
1129      0.818453      1.14543
1130      0.8062      1.23945
1131      0.810196      1.19191
1132      0.81611      1.16848
1133      0.809532      1.21559
1134      0.933333      2
1135      0.934188      1.96733
1136      0.936749      1.9347
1137      0.903842      1.9019
1138      0.905083      1.8702
1139      0.879265      1.83887
1140      0.876696      1.80722
1141      0.878313      1.77615
1142      0.831152      1.59679
1143      0.844504      1.56978
1144      0.857493      1.6268
1145      0.864528      1.65688
1146      0.886508      1.74624
1147      0.881455      1.71576
1148      0.891165      1.68668
1149      0.818698      1.4911
1150      0.821451      1.46417
1151      0.82312      1.51231
1152      0.835522      1.54023
1153      0.841892      1.45779
1154      0.809286      1.34196
1155      0.832512      1.43118
1156      0.814224      1.36718
1157      0.826556      1.39565
1158      0.81749      1.29256
1159      0.820605      1.31727
1160      0.83807      1.32101
1161      0.83715      1.28526
1162      0.82684      1.26849
1163      0.829916      1.24442
1164      0.844724      1.12858
1165      0.840937      1.15138
1166      0.838894      1.17418
1167      0.829408      1.2208
1168      0.8333      1.19737
1169      0.966667      2
1170      0.967947      1.96736
1171      0.967523      1.9347
1172      0.938457      1.90205
1173      0.936727      1.87034
1174      0.910511      1.83906
1175      0.907537      1.80754
1176      0.914575      1.77683
1177      0.909938      1.74624
1178      0.859341      1.59826
1179      0.872326      1.5711
1180      0.862983      1.542
1181      0.886029      1.62784
1182      0.89344      1.65758
1183      0.911109      1.71631
1184      0.920433      1.68712
1185      0.858592      1.43359
1186      0.839787      1.48504
1187      0.85025      1.51423
1188      0.868288      1.46005
1189      0.877352      1.51582
1190      0.8416      1.35267
1191      0.846004      1.40457
1192      0.848009      1.37862
1193      0.84746      1.30204
1194      0.857373      1.32574
1195      0.855839      1.27727
1196      0.849208      1.2488
1197      0.855984      1.2284
1198      0.866902      1.13409
1199      0.864204      1.15739
1200      0.859938      1.17924
1201      0.858758      1.20444
1202      1      2
1203      1      1.96735
1204      1      1.93471
1205      0.970507      1.90207
1206      0.968365      1.87043
1207      0.937546      1.83906
1208      0.943393      1.80766
1209      0.944998      1.77697
1210      0.939967      1.74656
1211      0.894541      1.5716
1212      0.897917      1.60033
1213      0.890421      1.54342
1214      0.914543      1.62864
1215      0.922329      1.65809
1216      0.920847      1.60065
1217      0.958672      1.73175
1218      0.940749      1.7167
1219      0.949685      1.68737
1220      0.871711      1.40718
1221      0.884645      1.43559
1222      0.879805      1.48883
1223      0.894662      1.46189
1224      0.904431      1.51702
1225      0.866658      1.35562
1226      0.873379      1.3814
1227      0.876676      1.33048
1228      0.871856      1.30537
1229      0.874397      1.2808
1230      0.881473      1.25637
1231      0.879411      1.23234
1232      0.884568      1.20858
1233      0.889081      1.13885
1234      0.886693      1.16194
1235      0.886091      1.18503
1236      1.03333      2
1237      1.03205      1.96736
1238      1.03077      1.93471
1239      1      1.90206
1240      1      1.87045
1241      0.968775      1.83916
1242      0.974208      1.8077
1243      0.96959      1.77699
1244      0.976596      1.7468
1245      0.916757      1.57209
1246      0.929695      1.54531
1247      0.943039      1.62921
1248      0.951201      1.65837
1249      0.943778      1.60097
1250      0.970765      1.68738
1251      0.977765      1.71698
1252      0.951158      1.54554
1253      0.894048      1.38343
1254      0.897398      1.40931
1255      0.910678      1.43712
1256      0.914822      1.46312
1257      0.919967      1.49013
1258      0.925192      1.51745
1259      0.945953      1.51788
1260      0.901364      1.33307
1261      0.891694      1.35806
1262      0.902662      1.30812
1263      0.898451      1.28373
1264      0.913678      1.2728
1265      0.900658      1.25946
1266      0.906436      1.23559
1267      0.907663      1.212
1268      0.907096      1.18864
1269      0.911263      1.14281
1270      0.909179      1.16572
1271      1.06667      2
1272      1.03205      1.90205
1273      1.06581      1.96733
1274      1.06496      1.93466
1275      1.02824      1.87019
1276      1      1.80794
1277      1      1.8392
1278      1      1.77704
1279      1      1.74682
1280      0.955655      1.57322
1281      0.98006      1.65847
1282      0.971523      1.62954
1283      0.971892      1.60135
1284      1      1.68747
1285      1      1.717
1286      1.00446      1.65843
1287      0.972621      1.54577
1288      0.914717      1.38546
1289      0.923066      1.41097
1290      0.936688      1.43822
1291      0.94872      1.41216
1292      0.934982      1.46435
1293      0.946655      1.49107
1294      0.973331      1.49163
1295      0.985547      1.51856
1296      0.920596      1.31028
1297      0.922351      1.33482
1298      0.945881      1.36103
1299      0.925065      1.35995
1300      0.92796      1.28602
1301      0.928905      1.26187
1302      0.926235      1.23815
1303      0.930753      1.2147
1304      0.929885      1.19148
1305      0.932554      1.1687
1306      0.933446      1.14593
1307      1.1      2
1308      1.09872      1.9673
1309      1.06327      1.87034
1310      1.0641      1.90199
1311      1.09744      1.9346
1312      1.09616      1.9019
1313      1.03123      1.83916
1314      1.02579      1.8077
1315      1.06245      1.83906
1316      1.03041      1.77699
1317      1.03001      1.74675
1318      1.02223      1.71698
1319      1.13333      2
1320      0.983398      1.57336
1321      1      1.62965
1322      1      1.60148
1323      1.04036      1.70205
1324      1.02108      1.68745
1325      1.02848      1.62954
1326      1.02886      1.65839
1327      1      1.54593
1328      0.949386      1.38673
1329      0.962682      1.43888
1330      0.969201      1.41264
1331      0.97368      1.46496
1332      1      1.49182
1333      1.00628      1.51848
1334      0.944943      1.31182
1335      0.966697      1.36211
1336      0.943327      1.33656
1337      0.948091      1.26361
1338      0.951979      1.28766
1339      0.953227      1.24
1340      0.951159      1.21664
1341      0.954443      1.19352
1342      0.955036      1.17085
1343      0.95563      1.14818
1344      1.13163      1.96725
1345      1.12993      1.9345
1346      1.09369      1.83887
1347      1.09492      1.8702
1348      1.12822      1.90175
1349      1.12657      1.87
1350      1.06163      1.80777
1351      1.09246      1.80754
1352      1.06003      1.74656
1353      1.06083      1.77683
1354      1.05925      1.7167
1355      1.16667      2
1356      1.16454      1.96719
1357      1.2      2
1358      1.0166      1.57336
1359      1.02811      1.60135
1360      1.05102      1.60116
1361      1.05848      1.68712
1362      1.05772      1.65809
1363      1.05696      1.62921
1364      1.02702      1.5184
1365      1.02738      1.54577
1366      0.989682      1.41311
1367      0.974696      1.3875
1368      0.988663      1.4391
1369      1.01236      1.46515
1370      1.02004      1.49172
1371      1.01032      1.41311
1372      0.969279      1.31274
1373      0.991671      1.36239
1374      0.975352      1.33743
1375      0.975991      1.28865
1376      0.973026      1.2411
1377      0.976306      1.26466
1378      0.97692      1.21781
1379      0.977222      1.19475
1380      0.976632      1.17215
1381      0.977815      1.14954
1382      1.16071      1.93451
1383      1.16029      1.90157
1384      1.1233      1.80721
1385      1.12494      1.83861
1386      1.15199      1.83861
1387      1.15823      1.86972
1388      1.09125      1.77655
1389      1.12169      1.77625
1390      1.08773      1.68668
1391      1.08345      1.74656
1392      1.08889      1.71631
1393      1.19746      1.96711
1394      1.19492      1.93421
1395      1.23333      2
1396      1.22953      1.96711
1397      1.26667      2
1398      1.05548      1.57281
1399      1.07394      1.60097
1400      1.08659      1.65758
1401      1.08546      1.62864
1402      1.04008      1.49162
1403      1.04777      1.51814
1404      1.05476      1.54531
1405      1.00932      1.38775
1406      1.02497      1.36212
1407      1.05265      1.46435
1408      1.02598      1.43888
1409      1.0325      1.46475
1410      1.0308      1.41264
1411      0.993606      1.31305
1412      1      1.33773
1413      1.02465      1.33743
1414      1      1.28898
1415      1.00451      1.26501
1416      0.996413      1.24148
1417      0.997326      1.2182
1418      1.00177      1.19517
1419      0.999114      1.17258
1420      1      1.15
1421      1.18982      1.90157
1422      1.18991      1.86937
1423      1.14914      1.80722
1424      1.18327      1.83826
1425      1.15215      1.77571
1426      1.11548      1.65688
1427      1.11701      1.68616
1428      1.12013      1.74622
1429      1.14355      1.74577
1430      1.11115      1.71631
1431      1.22572      1.93421
1432      1.22191      1.90132
1433      1.26175      1.96813
1434      1.25849      1.93607
1435      1.3      2
1436      1.29469      1.96804
1437      1.33333      2
1438      1.08216      1.54452
1439      1.08324      1.57209
1440      1.10208      1.60033
1441      1.11397      1.62785
1442      1.06676      1.49107
1443      1.06851      1.51788
1444      1.09557      1.51702
1445      1.03463      1.38749
1446      1.04995      1.3613
1447      1.07898      1.46332
1448      1.05196      1.43822
1449      1.05128      1.41216
1450      1.02432      1.31275
1451      1.0493      1.33656
1452      1.02369      1.26466
1453      1.02946      1.28865
1454      1.02339      1.24111
1455      1.02576      1.21781
1456      1.02455      1.19475
1457      1.02248      1.17215
1458      1.02219      1.14954
1459      1.21821      1.86937
1460      1.21456      1.8378
1461      1.18503      1.80623
1462      1.2109      1.80623
1463      1.18262      1.77503
1464      1.17364      1.74514
1465      1.13994      1.65639
1466      1.13813      1.68605
1467      1.14825      1.71546
1468      1.36667      2
1469      1.25192      1.9044
1470      1.24712      1.87331
1471      1.28938      1.93607
1472      1.28656      1.90374
1473      1.32763      1.96791
1474      1.32359      1.93553
1475      1.36058      1.96777
1476      1.10958      1.54343
1477      1.11102      1.5711
1478      1.13025      1.59942
1479      1.14251      1.6268
1480      1.09347      1.49013
1481      1.12265      1.5158
1482      1.05995      1.38673
1483      1.07494      1.35995
1484      1.10534      1.4619
1485      1.07796      1.43712
1486      1.07693      1.41097
1487      1.04865      1.31182
1488      1.07396      1.3351
1489      1.04739      1.26361
1490      1.05348      1.28766
1491      1.05037      1.24
1492      1.04616      1.21664
1493      1.04733      1.19352
1494      1.04585      1.17085
1495      1.04437      1.14818
1496      1.24649      1.84219
1497      1.23769      1.81215
1498      1.20729      1.77503
1499      1.23299      1.78165
1500      1.20379      1.74479
1501      1.17795      1.71455
1502      1.16441      1.65591
1503      1.17561      1.6843
1504      1.4      2
1505      1.43333      2
1506      1.39435      1.9674
1507      1.46667      2
1508      1.27787      1.84154
1509      1.27889      1.87289
1510      1.31872      1.9033
1511      1.31067      1.87238
1512      1.35449      1.93553
1513      1.35088      1.90278
1514      1.38869      1.9348
1515      1.13702      1.542
1516      1.13882      1.5698
1517      1.17106      1.62549
1518      1.15844      1.59824
1519      1.13346      1.48713
1520      1.14975      1.51423
1521      1.08528      1.38546
1522      1.09994      1.35806
1523      1.1026      1.40932
1524      1.13171      1.46005
1525      1.10397      1.43559
1526      1.15811      1.45779
1527      1.0794      1.31028
1528      1.09864      1.33308
1529      1.07562      1.26187
1530      1.07751      1.28602
1531      1.07193      1.2147
1532      1.07377      1.23815
1533      1.07012      1.19148
1534      1.06745      1.1687
1535      1.06655      1.14593
1536      1.26869      1.81149
1537      1.2636      1.78085
1538      1.23489      1.75142
1539      1.20029      1.71455
1540      1.22395      1.72305
1541      1.19679      1.6843
1542      1.19337      1.65475
1543      1.42826      1.96793
1544      1.46121      1.96766
1545      1.42161      1.93634
1546      1.5      2
1547      1.49416      1.96737
1548      1.29971      1.8107
1549      1.30926      1.84077
1550      1.34245      1.87177
1551      1.34066      1.83987
1552      1.38304      1.90219
1553      1.37424      1.87106
1554      1.41337      1.90516
1555      1.16448      1.54023
1556      1.16664      1.56819
1557      1.19862      1.61663
1558      1.18666      1.59679
1559      1.19221      1.57506
1560      1.16021      1.48504
1561      1.17697      1.51988
1562      1.12495      1.35562
1563      1.11064      1.38368
1564      1.12829      1.40718
1565      1.14141      1.43359
1566      1.16775      1.43949
1567      1.1796      1.47779
1568      1.10377      1.30812
1569      1.12332      1.33048
1570      1.09481      1.25946
1571      1.10155      1.28373
1572      1.09234      1.212
1573      1.09717      1.23559
1574      1.0929      1.18864
1575      1.08993      1.16572
1576      1.08874      1.14281
1577      1.29989      1.77877
1578      1.26513      1.7503
1579      1.28898      1.7503
1580      1.25383      1.72198
1581      1.22737      1.69255
1582      1.21496      1.66481
1583      1.21059      1.63646
1584      1.45419      1.93585
1585      1.48676      1.93532
1586      1.4503      1.90298
1587      1.53333      2
1588      1.52381      1.97612
1589      1.51719      1.94378
1590      1.33074      1.80977
1591      1.37206      1.83886
1592      1.36661      1.80746
1593      1.40683      1.87406
1594      1.40434      1.84251
1595      1.44492      1.87112
1596      1.19777      1.55333
1597      1.2164      1.60672
1598      1.21283      1.57886
1599      1.18947      1.49953
1600      1.20583      1.52407
1601      1.14533      1.35056
1602      1.13601      1.38139
1603      1.154      1.40457
1604      1.17739      1.4212
1605      1.19562      1.44422
1606      1.19899      1.47055
1607      1.1256      1.2808
1608      1.12814      1.30537
1609      1.14803      1.32733
1610      1.11853      1.25637
1611      1.11543      1.20858
1612      1.12059      1.23234
1613      1.1157      1.18503
1614      1.11241      1.16194
1615      1.11092      1.13885
1616      1.33053      1.77749
1617      1.32565      1.7475
1618      1.28373      1.7207
1619      1.31364      1.71923
1620      1.25687      1.69111
1621      1.28639      1.68946
1622      1.25279      1.66192
1623      1.23937      1.63494
1624      1.24488      1.60523
1625      1.48247      1.90211
1626      1.50419      1.91882
1627      1.47672      1.86996
1628      1.63333      2
1629      1.55789      1.97712
1630      1.6      2
1631      1.56667      2
1632      1.54762      1.95223
1633      1.53986      1.90889
1634      1.36117      1.77606
1635      1.38761      1.78272
1636      1.39401      1.81317
1637      1.43966      1.83994
1638      1.4344      1.80875
1639      1.46723      1.83994
1640      1.22548      1.5513
1641      1.26361      1.57566
1642      1.24092      1.57689
1643      1.21649      1.49714
1644      1.23319      1.52154
1645      1.16571      1.3455
1646      1.1614      1.37862
1647      1.18901      1.39251
1648      1.22566      1.46761
1649      1.20339      1.41826
1650      1.22195      1.44106
1651      1.17939      1.31726
1652      1.14416      1.27727
1653      1.15815      1.29651
1654      1.14682      1.25264
1655      1.14718      1.22541
1656      1.13853      1.20444
1657      1.14006      1.17924
1658      1.13658      1.15666
1659      1.1331      1.13409
1660      1.35593      1.74583
1661      1.32955      1.70234
1662      1.35069      1.71564
1663      1.30802      1.68946
1664      1.28194      1.66004
1665      1.26825      1.63357
1666      1.27331      1.60297
1667      1.28629      1.57443
1668      1.7      2
1669      1.66667      2
1670      1.8      2
1671      1.5123      1.87262
1672      1.49722      1.84797
1673      1.65625      1.97701
1674      1.58      1.95319
1675      1.62353      1.9764
1676      1.59074      1.97585
1677      1.57143      1.92835
1678      1.54788      1.87527
1679      1.56561      1.89584
1680      1.38755      1.75134
1681      1.42376      1.77944
1682      1.46545      1.80702
1683      1.45982      1.77555
1684      1.49572      1.82152
1685      1.26057      1.51865
1686      1.26474      1.54627
1687      1.24353      1.4944
1688      1.27059      1.49128
1689      1.19071      1.34196
1690      1.18577      1.36717
1691      1.21467      1.38891
1692      1.24304      1.45255
1693      1.22941      1.41489
1694      1.20407      1.313
1695      1.18251      1.29256
1696      1.17851      1.26848
1697      1.17008      1.24442
1698      1.17059      1.2208
1699      1.1667      1.19737
1700      1.16111      1.17418
1701      1.15906      1.15138
1702      1.15528      1.12858
1703      1.38898      1.71959
1704      1.34545      1.68544
1705      1.36906      1.69459
1706      1.3111      1.65791
1707      1.29707      1.63151
1708      1.30176      1.6004
1709      1.34027      1.65554
1710      1.32519      1.56858
1711      1.2925      1.54337
1712      1.76667      2
1713      1.73333      2
1714      1.72308      1.97685
1715      1.69231      1.97685
1716      1.68222      1.95542
1717      1.83333      2
1718      1.86667      2
1719      1.825      1.97492
1720      1.79      1.97659
1721      1.52599      1.83601
1722      1.64706      1.95279
1723      1.60702      1.93137
1724      1.55668      1.85071
1725      1.59524      1.90446
1726      1.5883      1.87235
1727      1.42401      1.7472
1728      1.45433      1.7449
1729      1.48886      1.78359
1730      1.48327      1.75275
1731      1.51791      1.79163
1732      1.41895      1.71717
1733      1.9      2
1734      1.93333      2
1735      1.88889      1.97771
1736      1.28802      1.51583
1737      1.26549      1.46427
1738      1.28819      1.47398
1739      1.21574      1.33792
1740      1.2111      1.36337
1741      1.24034      1.38486
1742      1.25545      1.41109
1743      1.26043      1.43748
1744      1.24077      1.33339
1745      1.19719      1.26375
1746      1.23602      1.30823
1747      1.20688      1.28807
1748      1.1938      1.23945
1749      1.18716      1.19191
1750      1.19401      1.21559
1751      1.21021      1.24896
1752      1.18389      1.16848
1753      1.18155      1.14543
1754      1.17745      1.12238
1755      2      2
1756      1.96667      2
1757      1.40632      1.68983
1758      1.37125      1.66281
1759      1.3259      1.62916
1760      1.33022      1.59757
1761      1.35696      1.6371
1762      1.34513      1.58088
1763      1.33921      1.55277
1764      1.32024      1.54003
1765      1.31542      1.51225
1766      1.54125      1.80568
1767      1.75758      1.97568
1768      1.71429      1.95223
1769      1.675      1.93104
1770      1.70208      1.93104
1771      1.85      1.9582
1772      1.81333      1.95319
1773      1.775      1.93313
1774      1.56459      1.81973
1775      1.63158      1.90849
1776      1.66296      1.9034
1777      1.59344      1.84822
1778      1.61905      1.88058
1779      1.4489      1.71459
1780      1.47811      1.72599
1781      1.51382      1.76953
1782      1.50732      1.7374
1783      1.54356      1.78184
1784      1.43595      1.68714
1785      1.95556      1.97771
1786      1.92      1.95988
1787      1.88095      1.95223
1788      1.33407      1.50133
1789      1.3106      1.48446
1790      1.28682      1.43352
1791      1.30578      1.45668
1792      1.24562      1.35909
1793      1.26603      1.3804
1794      1.2759      1.40669
1795      1.25345      1.30299
1796      1.26169      1.3282
1797      1.22662      1.25847
1798      1.23127      1.28306
1799      1.22199      1.23393
1800      1.21026      1.18587
1801      1.21743      1.2098
1802      1.20843      1.16216
1803      1.20403      1.13885
1804      1.19963      1.11553
1805      2      1.96656
1806      1.97778      1.95542
1807      1.40881      1.65711
1808      1.43805      1.65396
1809      1.38044      1.63259
1810      1.36079      1.60598
1811      1.36596      1.57409
1812      1.36143      1.54548
1813      1.34532      1.52195
1814      1.35272      1.49042
1815      1.57383      1.79437
1816      1.74359      1.93055
1817      1.725      1.90805
1818      1.69412      1.90559
1819      1.84444      1.93313
1820      1.80606      1.92705
1821      1.78494      1.90869
1822      1.68704      1.87925
1823      1.67333      1.85956
1824      1.59858      1.82409
1825      1.64286      1.86625
1826      1.62072      1.84517
1827      1.47174      1.69154
1828      1.51514      1.7066
1829      1.56896      1.76977
1830      1.53492      1.73742
1831      1.5641      1.74517
1832      1.46631      1.66123
1833      1.91667      1.93313
1834      1.94667      1.93981
1835      1.875      1.92477
1836      1.9      1.91641
1837      1.86      1.90638
1838      1.33531      1.46756
1839      1.29635      1.40229
1840      1.31097      1.41859
1841      1.3303      1.44037
1842      1.271      1.35438
1843      1.29171      1.37553
1844      1.36219      1.46297
1845      1.28261      1.32301
1846      1.25566      1.27757
1847      1.27815      1.29732
1848      1.24529      1.25271
1849      1.24126      1.2279
1850      1.23336      1.17929
1851      1.24086      1.20349
1852      1.23123      1.15531
1853      1.22651      1.13172
1854      1.2218      1.10812
1855      2      1.93313
1856      1.975      1.92477
1857      1.40391      1.62807
1858      1.4328      1.62464
1859      1.46142      1.63443
1860      1.39904      1.5992
1861      1.39417      1.57032
1862      1.3893      1.54145
1863      1.38459      1.51355
1864      1.37991      1.48583
1865      1.60013      1.78443
1866      1.61365      1.80445
1867      1.75556      1.88854
1868      1.71765      1.88199
1869      1.825      1.88854
1870      1.79487      1.88426
1871      1.71111      1.85511
1872      1.69667      1.83616
1873      1.66667      1.83281
1874      1.63572      1.82
1875      1.49458      1.6685
1876      1.52295      1.6758
1877      1.54518      1.7048
1878      1.55202      1.68328
1879      1.59367      1.75302
1880      1.57245      1.71774
1881      1.49003      1.64423
1882      1.95556      1.91083
1883      1.92857      1.90446
1884      1.8963      1.88854
1885      1.87879      1.87233
1886      1.85455      1.87841
1887      1.83846      1.86111
1888      1.35043      1.43538
1889      1.32056      1.38746
1890      1.33982      1.40886
1891      1.2947      1.34128
1892      1.31577      1.36145
1893      1.37056      1.43039
1894      1.38906      1.45811
1895      1.30632      1.31015
1896      1.2737      1.27164
1897      1.30169      1.28497
1898      1.2738      1.24193
1899      1.26868      1.21761
1900      1.25646      1.17224
1901      1.26071      1.19672
1902      1.25372      1.14653
1903      1.24884      1.12337
1904      1.24397      1.10022
1905      2      1.89969
1906      1.97778      1.88854
1907      1.42758      1.59548
1908      1.45558      1.60238
1909      1.48358      1.60927
1910      1.42236      1.56633
1911      1.41714      1.53718
1912      1.4121      1.509
1913      1.40709      1.48101
1914      1.62871      1.78481
1915      1.6284      1.74429
1916      1.75      1.86207
1917      1.80952      1.8567
1918      1.79375      1.83908
1919      1.72982      1.81698
1920      1.69048      1.80893
1921      1.66036      1.80076
1922      1.51876      1.65406
1923      1.54709      1.65825
1924      1.58109      1.69076
1925      1.57633      1.66683
1926      1.61436      1.71696
1927      1.51291      1.62358
1928      1.40685      1.44659
1929      1.925      1.87461
1930      1.95      1.87461
1931      1.90667      1.85956
1932      1.875      1.84396
1933      1.84615      1.83796
1934      1.36601      1.40345
1935      1.33641      1.35588
1936      1.34655      1.38256
1937      1.32734      1.32997
1938      1.39706      1.42502
1939      1.32723      1.30381
1940      1.27915      1.16253
1941      1.29707      1.25986
1942      1.3192      1.27851
1943      1.29254      1.23527
1944      1.28801      1.21067
1945      1.28357      1.18654
1946      1.27477      1.13876
1947      1.27046      1.11533
1948      1.26614      1.09189
1949      2      1.86625
1950      1.97619      1.8567
1951      1.50719      1.59332
1952      1.45064      1.57533
1953      1.47891      1.58432
1954      1.44658      1.55042
1955      1.4417      1.52104
1956      1.43708      1.49254
1957      1.43035      1.46271
1958      1.65673      1.75773
1959      1.64481      1.72783
1960      1.75926      1.82167
1961      1.82889      1.82167
1962      1.8      1.8161
1963      1.74333      1.78935
1964      1.71429      1.78505
1965      1.68551      1.77139
1966      1.54217      1.63321
1967      1.57157      1.64289
1968      1.60758      1.68446
1969      1.60097      1.65257
1970      1.63798      1.69486
1971      1.53606      1.60251
1972      1.42465      1.43507
1973      1.95      1.84953
1974      1.92727      1.82977
1975      1.9      1.82167
1976      1.87179      1.81481
1977      1.39219      1.39781
1978      1.37243      1.37689
1979      1.35705      1.35032
1980      1.35257      1.32376
1981      1.41895      1.40743
1982      1.34813      1.29747
1983      1.30221      1.15469
1984      1.30694      1.17898
1985      1.32136      1.25312
1986      1.34379      1.27176
1987      1.31653      1.22826
1988      1.30732      1.20339
1989      1.29581      1.13065
1990      1.29292      1.10694
1991      1.28831      1.08323
1992      2      1.83281
1993      1.97407      1.82167
1994      1.53791      1.57358
1995      1.51121      1.56311
1996      1.48697      1.55146
1997      1.4708      1.53451
1998      1.46207      1.47608
1999      1.46627      1.5049
2000      1.45362      1.44441
2001      1.67558      1.73883
2002      1.67017      1.71368
2003      1.83958      1.79311
2004      1.78333      1.78266
2005      1.81176      1.78758
2006      1.76667      1.76594
2007      1.7381      1.76116
2008      1.70684      1.74999
2009      1.56537      1.61183
2010      1.59469      1.62116
2011      1.63261      1.66975
2012      1.62725      1.64464
2013      1.66369      1.68271
2014      1.56584      1.58364
2015      1.44958      1.41865
2016      1.95152      1.8085
2017      1.92727      1.80546
2018      1.90769      1.79166
2019      1.87778      1.77708
2020      1.39134      1.3663
2021      1.41456      1.38294
2022      1.38258      1.34414
2023      1.37778      1.31731
2024      1.44554      1.3929
2025      1.32267      1.14659
2026      1.37302      1.29074
2027      1.3303      1.17114
2028      1.33536      1.19583
2029      1.34565      1.24609
2030      1.36837      1.26477
2031      1.33522      1.22096
2032      1.3203      1.12227
2033      1.31539      1.09829
2034      1.34573      1.13828
2035      1.31048      1.07432
2036      2      1.79938
2037      1.97667      1.78935
2038      1.5663      1.55545
2039      1.53976      1.54464
2040      1.51523      1.5329
2041      1.49502      1.5186
2042      1.48093      1.45563
2043      1.49083      1.48876
2044      1.47688      1.42611
2045      1.70056      1.7215
2046      1.69357      1.69022
2047      1.83529      1.76397
2048      1.80351      1.74834
2049      1.7619      1.73728
2050      1.73123      1.72939
2051      1.5983      1.59046
2052      1.62217      1.60783
2053      1.65714      1.652
2054      1.65339      1.62325
2055      1.68703      1.65936
2056      1.58591      1.54227
2057      1.60191      1.55977
2058      1.47333      1.40147
2059      1.95152      1.78114
2060      1.93077      1.76851
2061      1.90476      1.76116
2062      1.875      1.74713
2063      1.85154      1.7363
2064      1.41025      1.35571
2065      1.43693      1.36807
2066      1.40593      1.32849
2067      1.39891      1.30317
2068      1.46978      1.37684
2069      1.35017      1.1631
2070      1.39785      1.27839
2071      1.35464      1.18805
2072      1.39064      1.25403
2073      1.35918      1.21344
2074      1.36373      1.23883
2075      1.34133      1.1137
2076      1.37181      1.15552
2077      1.33699      1.08947
2078      1.37001      1.12176
2079      1.33265      1.06523
2080      2      1.76594
2081      1.975      1.75479
2082      1.56676      1.52725
2083      1.54161      1.51571
2084      1.51924      1.50269
2085      1.5154      1.47262
2086      1.50573      1.453
2087      1.50053      1.41918
2088      1.71701      1.66674
2089      1.72307      1.69277
2090      1.82807      1.72546
2091      1.78571      1.71339
2092      1.75439      1.70308
2093      1.62578      1.57714
2094      1.64965      1.59451
2095      1.67879      1.63131
2096      1.67796      1.60625
2097      1.70792      1.63944
2098      1.60552      1.5291
2099      1.62939      1.54646
2100      1.4966      1.38317
2101      1.94872      1.74536
2102      1.90833      1.72414
2103      1.88235      1.71677
2104      1.85556      1.71021
2105      1.43311      1.34045
2106      1.4593      1.3532
2107      1.42928      1.31283
2108      1.42568      1.29271
2109      1.49402      1.36078
2110      1.38056      1.17774
2111      1.42267      1.26603
2112      1.37901      1.20012
2113      1.4129      1.24329
2114      1.38697      1.22324
2115      1.35738      1.10271
2116      1.39346      1.14795
2117      1.39202      1.1253
2118      1.35304      1.07847
2119      1.37343      1.09171
2120      1.39429      1.10525
2121      1.35482      1.05607
2122      2      1.7325
2123      1.97436      1.72221
2124      1.57302      1.50056
2125      1.54346      1.48678
2126      1.53053      1.45036
2127      1.52681      1.42005
2128      1.52342      1.3895
2129      1.74466      1.64992
2130      1.74785      1.67433
2131      1.83333      1.68792
2132      1.80952      1.68951
2133      1.77869      1.68192
2134      1.74148      1.62551
2135      1.65326      1.56382
2136      1.67713      1.58118
2137      1.70045      1.61063
2138      1.7221      1.58994
2139      1.60906      1.49908
2140      1.63705      1.51363
2141      1.65303      1.53486
2142      1.51795      1.35896
2143      1.54469      1.36701
2144      1.95111      1.71021
2145      1.925      1.70115
2146      1.86      1.67231
2147      1.9037      1.68792
2148      1.87963      1.68606
2149      1.45597      1.32519
2150      1.48168      1.33833
2151      1.44116      1.27491
2152      1.45263      1.29718
2153      1.50649      1.33707
2154      1.4475      1.25368
2155      1.40649      1.16744
2156      1.39885      1.1868
2157      1.43517      1.23255
2158      1.41022      1.20764
2159      1.41622      1.14662
2160      1.41517      1.1188
2161      1.37527      1.06903
2162      1.39573      1.082
2163      1.41443      1.09694
2164      1.37698      1.04691
2165      2      1.69906
2166      1.97556      1.68792
2167      1.59014      1.46997
2168      1.56768      1.47087
2169      1.55022      1.41063
2170      1.5532      1.433
2171      1.54725      1.38827
2172      1.77262      1.6383
2173      1.83106      1.66042
2174      1.80498      1.6568
2175      1.7454      1.59926
2176      1.7687      1.60859
2177      1.67668      1.52325
2178      1.68478      1.54835
2179      1.70461      1.56786
2180      1.74375      1.56926
2181      1.61259      1.46906
2182      1.64058      1.48361
2183      1.66857      1.49816
2184      1.54213      1.34575
2185      1.57061      1.37281
2186      1.95      1.67817
2187      1.92778      1.66563
2188      1.85714      1.64174
2189      1.88333      1.64891
2190      1.9037      1.66191
2191      1.48628      1.3019
2192      1.50733      1.31069
2193      1.47358      1.26811
2194      1.52837      1.31948
2195      1.43242      1.15713
2196      1.47233      1.24132
2197      1.45743      1.22181
2198      1.43346      1.19205
2199      1.43431      1.2123
2200      1.49289      1.27973
2201      1.43674      1.13281
2202      1.45835      1.14683
2203      1.43766      1.10858
2204      1.39748      1.06067
2205      1.41803      1.07446
2206      1.43902      1.08855
2207      1.39915      1.03784
2208      2      1.66563
2209      1.97708      1.65518
2210      1.5915      1.43766
2211      1.57588      1.41563
2212      1.58701      1.39376
2213      1.80043      1.62408
2214      1.82879      1.63291
2215      1.79592      1.59166
2216      1.76462      1.57822
2217      1.61612      1.43905
2218      1.7016      1.51108
2219      1.71683      1.5328
2220      1.76541      1.54857
2221      1.74112      1.54068
2222      1.64411      1.45359
2223      1.6721      1.46814
2224      1.70009      1.48269
2225      1.56631      1.33254
2226      1.59397      1.35735
2227      1.95185      1.64334
2228      1.92632      1.63395
2229      1.85144      1.60792
2230      1.88095      1.61786
2231      1.90476      1.62104
2232      1.51221      1.29135
2233      1.49753      1.25581
2234      1.55025      1.30188
2235      1.49715      1.22896
2236      1.45671      1.17645
2237      1.48102      1.21849
2238      1.45707      1.19913
2239      1.51783      1.2683
2240      1.47995      1.16085
2241      1.45908      1.12216
2242      1.48062      1.13581
2243      1.46019      1.10275
2244      1.4189      1.05188
2245      1.44032      1.06482
2246      1.46135      1.0786
2247      1.42132      1.02895
2248      2      1.63219
2249      1.97647      1.62236
2250      1.57037      1.31061
2251      1.61365      1.40807
2252      1.61199      1.3773
2253      1.82762      1.58319
2254      1.79149      1.55977
2255      1.64035      1.42314
2256      1.72904      1.49773
2257      1.78706      1.52789
2258      1.75805      1.51281
2259      1.6684      1.4376
2260      1.69645      1.45206
2261      1.7249      1.46673
2262      1.59048      1.31933
2263      1.61733      1.3419
2264      1.95185      1.61361
2265      1.92857      1.59875
2266      1.85931      1.57472
2267      1.90476      1.59398
2268      1.53813      1.28079
2269      1.52148      1.24351
2270      1.57214      1.28429
2271      1.52198      1.21661
2272      1.50196      1.20033
2273      1.49095      1.18059
2274      1.54178      1.256
2275      1.50253      1.1497
2276      1.48191      1.11733
2277      1.50125      1.12961
2278      1.47927      1.0948
2279      1.44107      1.04269
2280      1.46259      1.05528
2281      1.48113      1.07057
2282      1.44349      1.02032
2283      2      1.59875
2284      1.97593      1.58946
2285      1.59098      1.29653
2286      1.63982      1.4009
2287      1.63698      1.36084
2288      1.8604      1.5412
2289      1.83571      1.53559
2290      1.81102      1.52998
2291      1.66457      1.40723
2292      1.7538      1.48163
2293      1.81131      1.49932
2294      1.7827      1.49653
2295      1.69269      1.42162
2296      1.7208      1.436
2297      1.74959      1.45073
2298      1.61466      1.30612
2299      1.64069      1.32644
2300      1.95333      1.57869
2301      1.92857      1.57009
2302      1.90203      1.56067
2303      1.56588      1.25783
2304      1.54543      1.23121
2305      1.58998      1.25967
2306      1.51825      1.16813
2307      1.5468      1.20425
2308      1.52423      1.18959
2309      1.52229      1.14457
2310      1.49997      1.10952
2311      1.52596      1.12094
2312      1.50155      1.08477
2313      1.46323      1.03372
2314      1.48309      1.0472
2315      1.50332      1.06093
2316      1.46566      1.01202
2317      2      1.56532
2318      1.97667      1.55528
2319      1.61522      1.28046
2320      1.61591      1.24911
2321      1.89119      1.53194
2322      1.66398      1.38252
2323      1.66659      1.34618
2324      1.86147      1.50822
2325      1.83435      1.50657
2326      1.83706      1.47217
2327      1.68879      1.39132
2328      1.77839      1.46547
2329      1.8116      1.46867
2330      1.77407      1.43441
2331      1.71721      1.40568
2332      1.74564      1.42004
2333      1.63884      1.2929
2334      1.66405      1.31098
2335      1.95238      1.54621
2336      1.92653      1.53853
2337      1.56938      1.21891
2338      1.60595      1.22826
2339      1.57968      1.23929
2340      1.54205      1.13944
2341      1.57      1.19246
2342      1.54736      1.17811
2343      1.52658      1.0961
2344      1.54328      1.11381
2345      1.5238      1.07484
2346      1.48539      1.02504
2347      1.50527      1.03816
2348      1.52549      1.05525
2349      1.48783      1.00413
2350      2      1.53188
2351      1.97619      1.52232
2352      1.63946      1.2644
2353      1.63969      1.23663
2354      1.91351      1.51288
2355      1.89656      1.49407
2356      1.68815      1.36414
2357      1.68926      1.32881
2358      1.86252      1.47567
2359      1.83766      1.44823
2360      1.71301      1.37541
2361      1.81188      1.43801
2362      1.79312      1.42088
2363      1.76985      1.40406
2364      1.74143      1.38973
2365      1.66302      1.27969
2366      1.68741      1.29553
2367      1.93958      1.49856
2368      1.61604      1.20734
2369      1.59264      1.20681
2370      1.5707      1.15025
2371      1.57082      1.12433
2372      1.58558      1.17038
2373      1.54452      1.08891
2374      1.56565      1.10325
2375      1.54604      1.06507
2376      1.50754      1.018
2377      1.52744      1.03201
2378      1.54765      1.04624
2379      1.51001      0.996719
2380      1.588      1.10042
2381      2      1.49844
2382      1.97346      1.48025
2383      1.6633      1.2516
2384      1.6524      1.21788
2385      1.92243      1.47541
2386      1.89382      1.46076
2387      1.71231      1.34575
2388      1.71194      1.31145
2389      1.86358      1.44312
2390      1.83826      1.42429
2391      1.73723      1.3595
2392      1.81217      1.40736
2393      1.79116      1.39038
2394      1.76565      1.37382
2395      1.68731      1.26681
2396      1.7046      1.28137
2397      1.94509      1.46279
2398      1.63961      1.19541
2399      1.60746      1.18594
2400      1.60825      1.159
2401      1.59364      1.13889
2402      1.56678      1.07876
2403      1.56827      1.06076
2404      1.5288      1.01083
2405      1.54961      1.02376
2406      1.56981      1.03755
2407      1.60946      1.11593
2408      1.53218      0.98985
2409      1.58912      1.07543
2410      1.60745      1.09246
2411      2      1.465
2412      1.97248      1.44756
2413      1.67554      1.20583
2414      1.67524      1.23412
2415      1.92039      1.44386
2416      1.89111      1.42776
2417      1.73647      1.32737
2418      1.73649      1.29799
2419      1.86463      1.41057
2420      1.84357      1.39118
2421      1.76145      1.34359
2422      1.81246      1.3767
2423      1.79408      1.35725
2424      1.70453      1.25239
2425      1.7218      1.26722
2426      1.94496      1.43012
2427      1.67576      1.17801
2428      1.63933      1.16803
2429      1.63118      1.13162
2430      1.58673      1.05434
2431      1.55091      1.00352
2432      1.56986      1.01735
2433      1.58909      1.03138
2434      1.63196      1.10559
2435      1.55436      0.983578
2436      1.61145      1.06598
2437      1.6269      1.08451
2438      2      1.43157
2439      1.97229      1.41341
2440      1.69885      1.18052
2441      1.69842      1.22174
2442      1.92023      1.40829
2443      1.89073      1.39168
2444      1.76121      1.31365
2445      1.76082      1.27483
2446      1.86442      1.37907
2447      1.84339      1.35367
2448      1.79391      1.31849
2449      1.81209      1.3389
2450      1.72174      1.23797
2451      1.74558      1.25455
2452      1.94457      1.39525
2453      1.67589      1.15078
2454      1.69895      1.15276
2455      1.65391      1.11562
2456      1.65336      1.1359
2457      1.60879      1.04576
2458      1.57302      0.99814
2459      1.59195      1.01291
2460      1.61116      1.02789
2461      1.65446      1.09535
2462      1.57653      0.977954
2463      1.63086      1.04326
2464      1.649      1.0751
2465      2      1.39813
2466      1.97306      1.37866
2467      1.72195      1.16895
2468      1.72159      1.20912
2469      1.9201      1.37597
2470      1.89043      1.35976
2471      1.7854      1.26122
2472      1.79367      1.28801
2473      1.86857      1.34012
2474      1.83746      1.32505
2475      1.81847      1.30527
2476      1.74547      1.22533
2477      1.76923      1.23137
2478      1.79351      1.23847
2479      1.94635      1.3617
2480      1.6897      1.13167
2481      1.72174      1.14128
2482      1.67654      1.11042
2483      1.59514      0.992007
2484      1.61213      1.00766
2485      1.63033      1.02284
2486      1.67123      1.07476
2487      1.59871      0.973019
2488      1.65294      1.03567
2489      1.668      1.05426
2490      2      1.36469
2491      1.97306      1.34691
2492      1.745      1.15716
2493      1.74528      1.19657
2494      1.76227      1.14423
2495      1.91688      1.3451
2496      1.89375      1.32136
2497      1.81786      1.26652
2498      1.86822      1.30867
2499      1.83707      1.29419
2500      1.76902      1.20208
2501      1.80161      1.21571
2502      1.81744      1.23617
2503      1.94612      1.32913
2504      1.73473      1.1243
2505      1.71317      1.10748
2506      1.69197      1.09094
2507      1.75736      1.11454
2508      1.65232      1.01641
2509      1.61629      0.987242
2510      1.63415      1.0017
2511      1.69351      1.06631
2512      1.62089      0.968807
2513      1.67116      1.03472
2514      1.68992      1.04684
2515      2      1.33125
2516      1.97394      1.31224
2517      1.77881      1.16983
2518      1.77954      1.1313
2519      1.91944      1.30798
2520      1.89375      1.29457
2521      1.84281      1.26094
2522      1.87295      1.26928
2523      1.79285      1.18983
2524      1.82541      1.21421
2525      1.84582      1.23713
2526      1.95016      1.28968
2527      1.74912      1.09476
2528      1.72901      1.07848
2529      1.77137      1.0994
2530      1.67432      1.01517
2531      1.65617      0.99942
2532      1.63837      0.98397
2533      1.71186      1.04775
2534      1.73258      1.05272
2535      1.64308      0.965343
2536      1.71067      1.02831
2537      1.69326      1.01209
2538      2      1.29782
2539      1.97377      1.278
2540      1.81128      1.1738
2541      1.81218      1.1458
2542      1.80399      1.11524
2543      1.92247      1.27077
2544      1.89736      1.25117
2545      1.86724      1.24061
2546      1.83338      1.19224
2547      1.84884      1.21332
2548      1.94754      1.25819
2549      1.76547      1.07935
2550      1.7533      1.05769
2551      1.79548      1.08002
2552      1.67819      0.994766
2553      1.65948      0.980627
2554      1.73691      1.02724
2555      1.66526      0.962645
2556      1.71835      1.0105
2557      1.70022      0.994163
2558      1.75896      1.02255
2559      1.77805      1.03906
2560      2      1.26438
2561      1.97515      1.24198
2562      1.83479      1.15444
2563      1.82586      1.11584
2564      1.816      1.09852
2565      1.92622      1.2381
2566      1.90231      1.21875
2567      1.87292      1.20183
2568      1.85633      1.18153
2569      1.8577      1.14516
2570      1.95384      1.21954
2571      1.79024      1.06059
2572      1.81046      1.06665
2573      1.68254      0.978218
2574      1.73695      1.00881
2575      1.68744      0.96072
2576      1.70355      0.97637
2577      1.72005      0.992395
2578      1.76382      0.991612
2579      1.78052      1.00854
2580      1.79771      1.02595
2581      2      1.23094
2582      1.97719      1.20783
2583      1.84773      1.11644
2584      1.83851      1.09132
2585      1.83068      1.0727
2586      1.92656      1.20285
2587      1.90345      1.17735
2588      1.88076      1.1569
2589      1.87559      1.12929
2590      1.95088      1.18847
2591      1.8371      1.05122
2592      1.81539      1.04388
2593      1.74194      0.989771
2594      1.70963      0.959567
2595      1.72557      0.974472
2596      1.77093      0.97591
2597      1.78844      0.992852
2598      1.80655      1.01037
2599      1.8238      1.01982
2600      2      1.19751
2601      1.97821      1.1721
2602      1.86965      1.10912
2603      1.85532      1.07132
2604      1.93305      1.1631
2605      1.91203      1.1418
2606      1.89347      1.11341
2607      1.95181      1.15089
2608      1.86241      1.05242
2609      1.84105      1.02926
2610      1.75399      0.959528
2611      1.73181      0.959176
2612      1.77617      0.960596
2613      1.79835      0.962345
2614      1.81356      0.980078
2615      1.82931      0.998451
2616      1.85091      1.00168
2617      2      1.16407
2618      1.97603      1.14009
2619      1.87687      1.06718
2620      1.88535      1.0866
2621      1.93677      1.12377
2622      1.91722      1.10097
2623      1.95824      1.11769
2624      1.86951      1.03353
2625      1.82053      0.964731
2626      1.84271      0.967704
2627      1.87251      1.00491
2628      1.85732      0.985939
2629      2      1.13063
2630      1.90139      1.05454
2631      1.91958      1.07474
2632      1.94055      1.08985
2633      1.96816      1.0956
2634      1.88844      1.0248
2635      1.86489      0.971208
2636      1.90065      0.993878
2637      1.88706      0.975179
2638      2      1.09719
2639      1.91082      1.03232
2640      1.94622      1.05661
2641      1.97809      1.07352
2642      1.91998      1.01074
2643      1.90924      0.979548
2644      2      1.06376
2645      1.93809      1.03031
2646      1.96939      1.04679
2647      1.93141      0.984244
2648      1.94312      1.00354
2649      2      1.03058
2650      1.96245      1.02022
2651      1.95358      0.989189
2652      2      1
2653      1.97575      0.994305
