0      2      1
1      1.97575      0.994305
2      2      0.969423
3      2      0.869369
4      1.95358      0.989189
5      1.96715      0.973715
6      2      0.902806
7      2      0.936243
8      1.96245      0.947392
9      1.97809      0.8899
10      2      0.835931
11      1.97366      0.858002
12      2      0.802494
13      1.93141      0.984244
14      1.9462      0.966687
15      1.97382      0.919583
16      1.94414      0.936307
17      1.95596      0.880025
18      2      0.769057
19      1.97638      0.823845
20      1.94798      0.84373
21      1.97603      0.792029
22      1.90924      0.979548
23      1.92878      0.963021
24      1.93561      0.900402
25      1.92587      0.92524
26      1.9321      0.863877
27      2      0.73562
28      2      0.702182
29      2      0.668745
30      2      0.635308
31      1.97781      0.757922
32      1.95303      0.814081
33      1.92976      0.829164
34      1.95618      0.779664
35      2      0.200624
36      2      0.167186
37      2      0.133749
38      2      0.36781
39      2      0.601871
40      1.95814      0.617726
41      1.88706      0.975179
42      1.90631      0.962847
43      1.90422      0.941563
44      1.91364      0.893203
45      1.8916      0.900485
46      1.90262      0.917511
47      1.90957      0.855742
48      1.97747      0.725746
49      1.97696      0.691823
50      1.9784      0.659431
51      1.9554      0.748838
52      1.89573      0.84043
53      1.90674      0.820505
54      1.93305      0.766333
55      1.92892      0.800312
56      2      0.334373
57      2      0.300935
58      2      0.234061
59      2      0.267498
60      1.97708      0.344822
61      1.97667      0.210655
62      1.95333      0.187249
63      1.975      0.175546
64      2      0.0668745
65      2      0.100312
66      1.97778      0.111458
67      1.975      0.146288
68      2      0
69      2      0.0334373
70      2      0.568433
71      2      0.468122
72      2      0.401247
73      2      0.434684
74      1.97647      0.377644
75      2      0.501559
76      2      0.534996
77      1.9381      0.641335
78      1.95728      0.583881
79      1.93661      0.607535
80      1.86489      0.971208
81      1.88392      0.956861
82      1.88152      0.935195
83      1.88913      0.87533
84      1.86951      0.894139
85      1.87265      0.917617
86      1.87687      0.859383
87      1.87409      0.833893
88      1.93641      0.706323
89      1.95384      0.683362
90      1.91805      0.664943
91      1.91611      0.728991
92      1.91077      0.75811
93      1.89159      0.806065
94      1.91203      0.786476
95      1.86965      0.7993
96      1.95185      0.356664
97      1.97556      0.312081
98      1.97436      0.277786
99      1.975      0.245207
100      1.95      0.321834
101      1.95      0.222915
102      1.92727      0.194544
103      1.93      0.163843
104      1.95      0.150468
105      1.975      0.0501559
106      1.975      0.0752338
107      1.95556      0.089166
108      1.95238      0.119419
109      1.96667      0
110      1.95694      0.552143
111      1.97619      0.477675
112      1.97619      0.44583
113      1.97593      0.410535
114      1.95185      0.386386
115      1.95542      0.519359
116      1.91702      0.635044
117      1.92731      0.557965
118      1.91535      0.601007
119      1.84271      0.967704
120      1.86157      0.951902
121      1.85449      0.934038
122      1.85864      0.877706
123      1.84736      0.89968
124      1.85531      0.853536
125      1.8499      0.819073
126      1.83363      0.86161
127      1.91368      0.6949
128      1.8972      0.658949
129      1.89474      0.72272
130      1.88855      0.751336
131      1.8772      0.77244
132      1.84773      0.793842
133      1.92778      0.362237
134      1.92778      0.334373
135      1.95238      0.286605
136      1.94872      0.254638
137      1.93125      0.298845
138      1.92308      0.231489
139      1.90769      0.20834
140      1.95      0.0334373
141      1.90731      0.174517
142      1.90303      0.148948
143      1.925      0.12539
144      1.93333      0.0668745
145      1.92857      0.095535
146      1.93333      0
147      1.925      0.0250779
148      1.92055      0.53374
149      1.9539      0.486575
150      1.95238      0.453791
151      1.95238      0.423539
152      1.93      0.397903
153      1.92319      0.499561
154      1.89491      0.62502
155      1.89321      0.595309
156      1.89767      0.563787
157      1.90667      0.374497
158      1.82053      0.964731
159      1.83717      0.949689
160      1.83645      0.932141
161      1.82402      0.912505
162      1.82526      0.894661
163      1.82808      0.814301
164      1.82242      0.833612
165      1.8154      0.868656
166      1.8855      0.69966
167      1.87625      0.6766
168      1.87514      0.648251
169      1.86094      0.732197
170      1.84269      0.753687
171      1.82482      0.774741
172      1.9037      0.338088
173      1.9037      0.312081
174      1.90833      0.275857
175      1.88542      0.252869
176      1.88095      0.214954
177      1.88462      0.185191
178      1.91111      0.044583
179      1.87879      0.145908
180      1.8963      0.111458
181      1.87315      0.122603
182      1.9      0.0835931
183      1.9      0
184      1.88889      0.0222915
185      1.88979      0.535886
186      1.90045      0.501974
187      1.90476      0.406024
188      1.92588      0.464735
189      1.92857      0.429908
190      1.90189      0.469991
191      1.86531      0.615855
192      1.86866      0.553349
193      1.86668      0.585238
194      1.84874      0.543544
195      1.86807      0.419297
196      1.88095      0.38214
197      1.88095      0.356664
198      1.79835      0.962345
199      1.81702      0.947544
200      1.80754      0.929071
201      1.80655      0.911692
202      1.79771      0.896027
203      1.78816      0.871873
204      1.8073      0.795372
205      1.78333      0.816749
206      1.80116      0.830156
207      1.79024      0.853694
208      1.85689      0.698756
209      1.85537      0.671482
210      1.84755      0.639503
211      1.83795      0.720432
212      1.82186      0.749786
213      1.80399      0.771327
214      1.87719      0.320294
215      1.88235      0.283233
216      1.8625      0.229881
217      1.85882      0.25963
218      1.85333      0.200624
219      1.84615      0.162042
220      1.875      0.0626949
221      1.85      0.133749
222      1.86      0.0936243
223      1.86667      0
224      1.85      0.0417966
225      1.87046      0.512464
226      1.87361      0.481175
227      1.88452      0.444215
228      1.8357      0.60669
229      1.84755      0.570795
230      1.83553      0.518291
231      1.82014      0.547146
232      1.84401      0.429436
233      1.85161      0.394379
234      1.85714      0.358256
235      1.85714      0.334373
236      1.77617      0.960596
237      1.79159      0.945098
238      1.78052      0.906423
239      1.78568      0.926376
240      1.77166      0.890289
241      1.76671      0.86971
242      1.78311      0.783179
243      1.76549      0.803342
244      1.77337      0.835325
245      1.75697      0.854641
246      1.75399      0.959528
247      1.83605      0.694175
248      1.81997      0.630754
249      1.82758      0.659937
250      1.8171      0.71644
251      1.79844      0.738366
252      1.78019      0.759802
253      1.83148      0.26564
254      1.85556      0.28979
255      1.83529      0.236028
256      1.81667      0.183905
257      1.825      0.206893
258      1.82051      0.138893
259      1.83667      0.0702182
260      1.825      0.111458
261      1.83333      0
262      1.825      0.0250779
263      1.81333      0.0468122
264      1.82514      0.495509
265      1.85112      0.489042
266      1.84678      0.460375
267      1.79244      0.622026
268      1.80656      0.604679
269      1.80495      0.575638
270      1.81174      0.523926
271      1.79747      0.552303
272      1.81995      0.439576
273      1.82227      0.406617
274      1.82745      0.373936
275      1.83333      0.312081
276      1.83039      0.343009
277      1.76959      0.943213
278      1.75875      0.910362
279      1.74759      0.944057
280      1.75427      0.891145
281      1.74088      0.873586
282      1.76224      0.780891
283      1.74455      0.801675
284      1.74825      0.823071
285      1.73579      0.853553
286      1.73181      0.959176
287      1.80787      0.687309
288      1.79979      0.648391
289      1.78864      0.709385
290      1.75391      0.756255
291      1.77244      0.731804
292      1.81265      0.246747
293      1.81333      0.280873
294      1.80741      0.222915
295      1.79375      0.160917
296      1.78824      0.188822
297      1.79487      0.115744
298      1.80606      0.072954
299      1.8      0
300      1.78182      0.0425565
301      1.80127      0.501325
302      1.81475      0.472726
303      1.77201      0.636846
304      1.76548      0.613474
305      1.77728      0.588603
306      1.7748      0.557459
307      1.78795      0.529561
308      1.78974      0.451673
309      1.79312      0.418776
310      1.79777      0.389617
311      1.80286      0.349508
312      1.80952      0.310489
313      1.73989      0.925771
314      1.73695      0.90918
315      1.72458      0.94287
316      1.7251      0.892178
317      1.71961      0.873067
318      1.73495      0.773792
319      1.72024      0.795219
320      1.72719      0.822081
321      1.71018      0.842063
322      1.70963      0.959567
323      1.77969      0.680442
324      1.77277      0.659116
325      1.76018      0.70233
326      1.72659      0.739663
327      1.74645      0.725243
328      1.74804      0.649482
329      1.79      0.257467
330      1.78571      0.286605
331      1.78333      0.217342
332      1.77083      0.137929
333      1.76471      0.165219
334      1.75926      0.193193
335      1.7619      0.095535
336      1.76923      0.0694466
337      1.74792      0.114941
338      1.76667      0
339      1.74615      0.0462977
340      1.75758      0.024318
341      1.76727      0.462683
342      1.76982      0.494746
343      1.75481      0.521017
344      1.74422      0.6253
345      1.73851      0.604922
346      1.74838      0.579657
347      1.75159      0.550337
348      1.73915      0.470095
349      1.76472      0.430619
350      1.76813      0.396781
351      1.7732      0.36093
352      1.77827      0.325079
353      1.71809      0.92553
354      1.70073      0.911368
355      1.70355      0.943949
356      1.70699      0.89427
357      1.6934      0.861778
358      1.70765      0.766694
359      1.68422      0.834963
360      1.69592      0.788763
361      1.70212      0.811258
362      1.68744      0.96072
363      1.69979      0.729593
364      1.75187      0.673664
365      1.73966      0.689355
366      1.71977      0.709863
367      1.71897      0.651062
368      1.67964      0.726778
369      1.75742      0.269829
370      1.7619      0.245207
371      1.75294      0.294451
372      1.7381      0.222915
373      1.74118      0.141617
374      1.72      0.187249
375      1.73519      0.169044
376      1.73111      0.089166
377      1.71765      0.118014
378      1.73333      0
379      1.71795      0.0462977
380      1.725      0.0222915
381      1.73681      0.442261
382      1.73277      0.53074
383      1.72807      0.507441
384      1.68927      0.602467
385      1.71643      0.613754
386      1.71073      0.540463
387      1.71959      0.570744
388      1.71608      0.474997
389      1.73952      0.409166
390      1.75067      0.371205
391      1.72814      0.381481
392      1.72025      0.302276
393      1.74659      0.332762
394      1.67981      0.945512
395      1.68225      0.898597
396      1.6946      0.928087
397      1.6769      0.881154
398      1.67109      0.850816
399      1.67515      0.745625
400      1.6716      0.782308
401      1.66657      0.822136
402      1.67706      0.800436
403      1.66526      0.962645
404      1.69355      0.700362
405      1.71384      0.680327
406      1.69681      0.660249
407      1.69304      0.631358
408      1.66904      0.705705
409      1.65949      0.723963
410      1.66761      0.601841
411      1.72917      0.262596
412      1.71429      0.214954
413      1.69048      0.19107
414      1.71111      0.144895
415      1.69667      0.163843
416      1.70208      0.0689643
417      1.68704      0.111458
418      1.7      0
419      1.69048      0.0238838
420      1.71175      0.435044
421      1.70187      0.510182
422      1.68125      0.518885
423      1.69265      0.578457
424      1.68697      0.546877
425      1.68416      0.449619
426      1.69301      0.4799
427      1.7061      0.41073
428      1.70045      0.386416
429      1.71677      0.353795
430      1.69183      0.292595
431      1.70053      0.328006
432      1.65784      0.947539
433      1.66077      0.900106
434      1.64963      0.933392
435      1.66645      0.916682
436      1.65499      0.88076
437      1.64784      0.849643
438      1.6463      0.830907
439      1.64993      0.742221
440      1.64639      0.761516
441      1.652      0.789613
442      1.64477      0.812172
443      1.64308      0.965343
444      1.67551      0.681339
445      1.66636      0.643185
446      1.66323      0.662626
447      1.65616      0.6222
448      1.64404      0.699394
449      1.63558      0.722573
450      1.65894      0.579688
451      1.64595      0.601216
452      1.69492      0.252289
453      1.68225      0.227296
454      1.6634      0.282914
455      1.66245      0.202163
456      1.66667      0.167186
457      1.67333      0.140436
458      1.675      0.0689643
459      1.66296      0.0965965
460      1.66667      0
461      1.65625      0.0229881
462      1.67913      0.427189
463      1.67151      0.499822
464      1.66063      0.527588
465      1.66321      0.553292
466      1.65581      0.445397
467      1.65548      0.476182
468      1.6741      0.404759
469      1.67283      0.341471
470      1.68665      0.367855
471      1.6573      0.381559
472      1.6304      0.299057
473      1.65671      0.317488
474      1.62922      0.937179
475      1.63773      0.901197
476      1.63347      0.919188
477      1.62985      0.868469
478      1.62817      0.848681
479      1.62648      0.828893
480      1.62711      0.745752
481      1.62694      0.77879
482      1.62297      0.802208
483      1.61626      0.950388
484      1.62089      0.968807
485      1.64822      0.674576
486      1.63115      0.620929
487      1.63834      0.653923
488      1.61086      0.719441
489      1.62104      0.700001
490      1.63575      0.580231
491      1.62051      0.598231
492      1.65063      0.239475
493      1.63498      0.273233
494      1.63442      0.213256
495      1.64286      0.133749
496      1.6379      0.185384
497      1.64038      0.159566
498      1.63889      0.0724474
499      1.64706      0.0472055
500      1.61905      0.111458
501      1.63333      0
502      1.62353      0.0236028
503      1.64864      0.422481
504      1.64529      0.510386
505      1.6351      0.54459
506      1.62842      0.457251
507      1.62914      0.487169
508      1.61194      0.268245
509      1.63763      0.398853
510      1.64577      0.354624
511      1.62662      0.375225
512      1.60944      0.291999
513      1.62583      0.32488
514      1.61115      0.879973
515      1.61162      0.931968
516      1.61469      0.902288
517      1.60069      0.738881
518      1.60633      0.862126
519      1.60385      0.843869
520      1.60417      0.817931
521      1.60043      0.763415
522      1.60117      0.792245
523      1.59557      0.949889
524      1.59871      0.973019
525      1.6171      0.672664
526      1.60792      0.621157
527      1.61634      0.640643
528      1.58415      0.709391
529      1.59404      0.686772
530      1.59951      0.601671
531      1.609      0.569114
532      1.58875      0.579803
533      1.60779      0.239851
534      1.60913      0.203581
535      1.61154      0.149013
536      1.60688      0.17801
537      1.59379      0.132387
538      1.59524      0.095535
539      1.60702      0.0686344
540      1.6      0
541      1.59074      0.0241491
542      1.60762      0.536083
543      1.61409      0.432834
544      1.61838      0.511626
545      1.59829      0.457531
546      1.60399      0.491961
547      1.58889      0.263258
548      1.58219      0.288545
549      1.59977      0.408418
550      1.58421      0.310541
551      1.59709      0.35498
552      1.59266      0.380435
553      1.59503      0.332253
554      1.58923      0.87958
555      1.59165      0.903379
556      1.59402      0.926757
557      1.57426      0.732009
558      1.57681      0.757145
559      1.5828      0.855784
560      1.5795      0.831441
561      1.58187      0.806969
562      1.57936      0.782281
563      1.57129      0.931305
564      1.57391      0.95463
565      1.57653      0.977954
566      1.59174      0.663475
567      1.59002      0.634229
568      1.56251      0.706273
569      1.56903      0.680461
570      1.57388      0.601427
571      1.58262      0.553127
572      1.56544      0.577154
573      1.57842      0.209196
574      1.57932      0.235065
575      1.57751      0.183327
576      1.58565      0.157857
577      1.56707      0.137235
578      1.56792      0.107307
579      1.57143      0.0716513
580      1.58      0.0468122
581      1.56667      0
582      1.55667      0.0234061
583      1.58014      0.527576
584      1.58511      0.439475
585      1.57816      0.505602
586      1.57388      0.474525
587      1.57192      0.421419
588      1.55708      0.302532
589      1.55352      0.23876
590      1.55498      0.271013
591      1.5669      0.392957
592      1.55962      0.328611
593      1.56763      0.365657
594      1.56326      0.859762
595      1.56313      0.886411
596      1.56864      0.907731
597      1.54925      0.735101
598      1.55209      0.760405
599      1.5605      0.835229
600      1.55773      0.810585
601      1.55494      0.785709
602      1.54355      0.914718
603      1.54872      0.937805
604      1.55436      0.983578
605      1.55154      0.960692
606      1.56638      0.654287
607      1.56369      0.627814
608      1.54225      0.713402
609      1.54342      0.683215
610      1.54825      0.601182
611      1.55548      0.546878
612      1.54457      0.574042
613      1.55107      0.213875
614      1.54411      0.173547
615      1.54177      0.149781
616      1.5406      0.11908
617      1.54071      0.0850421
618      1.54762      0.0477675
619      1.52381      0.0222915
620      1.53333      0
621      1.55266      0.519069
622      1.55898      0.454472
623      1.54984      0.49126
624      1.54407      0.43442
625      1.54114      0.405479
626      1.52285      0.225274
627      1.5321      0.316449
628      1.52905      0.286312
629      1.52599      0.256175
630      1.53818      0.376333
631      1.53516      0.346586
632      1.52199      0.720532
633      1.53715      0.843719
634      1.53617      0.867678
635      1.53986      0.891198
636      1.51703      0.745737
637      1.52092      0.770523
638      1.53418      0.819566
639      1.52481      0.79531
640      1.51972      0.896563
641      1.52289      0.920302
642      1.52445      0.943619
643      1.53218      0.98985
644      1.52909      0.966735
645      1.54046      0.656868
646      1.53747      0.630243
647      1.52425      0.676369
648      1.51886      0.695113
649      1.52334      0.614713
650      1.52714      0.595995
651      1.52366      0.569083
652      1.52832      0.548833
653      1.51966      0.1938
654      1.51647      0.162326
655      1.51327      0.130852
656      1.50999      0.098433
657      1.50666      0.065622
658      1.49709      0.0275876
659      1.5      0
660      1.52519      0.520889
661      1.52205      0.492945
662      1.52949      0.462913
663      1.51563      0.43583
664      1.51236      0.406751
665      1.49724      0.225268
666      1.49552      0.256874
667      1.50968      0.316989
668      1.49892      0.287117
669      1.50907      0.377487
670      1.50572      0.347603
671      1.49673      0.72439
672      1.51332      0.848635
673      1.51261      0.872823
674      1.50449      0.824271
675      1.49609      0.75004
676      1.50346      0.774807
677      1.5068      0.799796
678      1.51001      0.996719
679      1.493      0.87849
680      1.49645      0.902465
681      1.49755      0.926442
682      1.50172      0.950004
683      1.50587      0.973362
684      1.51251      0.64348
685      1.50507      0.669522
686      1.48351      0.698777
687      1.49689      0.617417
688      1.50603      0.590809
689      1.5063      0.542941
690      1.50274      0.564124
691      1.48783      1.00413
692      1.46566      1.01202
693      1.48849      0.194288
694      1.48869      0.162322
695      1.4814      0.131162
696      1.47775      0.0986509
697      1.47557      0.0656201
698      1.47036      0.0328836
699      1.46667      0
700      1.50367      0.480326
701      1.50767      0.507693
702      1.48923      0.45426
703      1.49135      0.396183
704      1.48578      0.426218
705      1.46551      0.219714
706      1.46996      0.250154
707      1.48288      0.338362
708      1.46785      0.280485
709      1.47148      0.310009
710      1.48718      0.367732
711      1.47146      0.728685
712      1.48036      0.829477
713      1.48472      0.854068
714      1.47515      0.754342
715      1.47598      0.804763
716      1.47877      0.779549
717      1.4842      0.980519
718      1.46945      0.88465
719      1.47001      0.90887
720      1.4769      0.93309
721      1.479      0.956909
722      1.48636      0.646746
723      1.4792      0.672984
724      1.47665      0.620689
725      1.45792      0.702871
726      1.45331      0.676852
727      1.46594      0.59369
728      1.4821      0.565476
729      1.48428      0.537049
730      1.46145      0.566828
731      1.46175      0.98815
732      1.44349      1.02032
733      1.43942      0.996841
734      1.46101      0.189028
735      1.45287      0.158808
736      1.44909      0.128018
737      1.44738      0.0959106
738      1.43333      0
739      1.4427      0.0639404
740      1.43728      0.0320567
741      1.46838      0.512087
742      1.47566      0.482089
743      1.46606      0.455049
744      1.46196      0.426821
745      1.46235      0.397315
746      1.42954      0.221195
747      1.4376      0.281582
748      1.43939      0.250969
749      1.45329      0.339542
750      1.44156      0.311245
751      1.44948      0.370572
752      1.44618      0.733408
753      1.46087      0.859974
754      1.45799      0.810181
755      1.45622      0.835145
756      1.45016      0.759306
757      1.44679      0.784743
758      1.44181      0.866325
759      1.45785      0.964281
760      1.44257      0.894565
761      1.44725      0.918375
762      1.4539      0.940201
763      1.43726      0.70756
764      1.4602      0.650401
765      1.4564      0.623961
766      1.43278      0.681299
767      1.43403      0.654448
768      1.43914      0.596942
769      1.45689      0.539574
770      1.43435      0.569886
771      1.44067      0.514579
772      1.42132      1.02895
773      1.39915      1.03784
774      1.43382      0.973362
775      1.41622      1.00522
776      1.41111      0.981496
777      1.42976      0.189604
778      1.42128      0.159369
779      1.41715      0.128457
780      1.4      0
781      1.41509      0.0961731
782      1.40503      0.0320577
783      1.41006      0.0641154
784      1.43666      0.486722
785      1.43814      0.427425
786      1.44289      0.455838
787      1.42433      0.40096
788      1.42021      0.372312
789      1.39861      0.222135
790      1.40305      0.253029
791      1.41871      0.311245
792      1.41375      0.281582
793      1.41592      0.342491
794      1.42089      0.738529
795      1.43771      0.84125
796      1.43358      0.81603
797      1.41839      0.771615
798      1.4233      0.796598
799      1.40893      0.852532
800      1.41868      0.877178
801      1.43126      0.949722
802      1.41904      0.901601
803      1.42709      0.925663
804      1.41225      0.685745
805      1.41659      0.712249
806      1.40185      0.732097
807      1.39822      0.669034
808      1.42993      0.627793
809      1.41355      0.648664
810      1.41675      0.586676
811      1.41721      0.545124
812      1.41297      0.517565
813      1.37698      1.04691
814      1.35482      1.05607
815      1.33265      1.06523
816      1.39378      1.01387
817      1.37225      1.02334
818      1.40828      0.9576
819      1.38841      0.989899
820      1.38532      0.965757
821      1.39415      0.191081
822      1.39331      0.159369
823      1.38815      0.128457
824      1.36667      0
825      1.37131      0.0322869
826      1.3806      0.0968606
827      1.37595      0.0645737
828      1.40865      0.489473
829      1.40947      0.429535
830      1.41454      0.458121
831      1.39536      0.403142
832      1.39092      0.374272
833      1.36768      0.22321
834      1.38631      0.344277
835      1.37246      0.254291
836      1.38347      0.282841
837      1.38875      0.312661
838      1.39697      0.751905
839      1.39866      0.802642
840      1.41014      0.827871
841      1.39346      0.777419
842      1.38579      0.834501
843      1.38486      0.859421
844      1.39021      0.884307
845      1.39552      0.908986
846      1.40384      0.933293
847      1.38803      0.700271
848      1.3828      0.725665
849      1.37205      0.673494
850      1.3989      0.604186
851      1.39308      0.642879
852      1.39435      0.57641
853      1.37495      0.584876
854      1.38981      0.548633
855      1.38977      0.51283
856      1.31048      1.07432
857      1.28831      1.08323
858      1.35058      1.03228
859      1.32816      1.04125
860      1.30587      1.05077
861      1.36751      0.999771
862      1.34484      1.0085
863      1.3775      0.941207
864      1.36275      0.976074
865      1.3579      0.95194
866      1.36287      0.191996
867      1.33333      0
868      1.3617      0.160022
869      1.35619      0.128969
870      1.33832      0.0324318
871      1.34331      0.0648636
872      1.3483      0.0972954
873      1.37588      0.463537
874      1.38062      0.492519
875      1.38079      0.431919
876      1.36639      0.405573
877      1.36163      0.376469
878      1.35668      0.346281
879      1.33674      0.224433
880      1.34186      0.255718
881      1.35174      0.316093
882      1.35318      0.284286
883      1.36297      0.757648
884      1.38114      0.809036
885      1.36854      0.783572
886      1.36146      0.841433
887      1.36079      0.866602
888      1.36642      0.89173
889      1.3759      0.916657
890      1.36214      0.705002
891      1.3573      0.731325
892      1.35167      0.678825
893      1.36668      0.647408
894      1.37421      0.620573
895      1.35555      0.593342
896      1.36477      0.566076
897      1.37189      0.53512
898      1.36657      0.508095
899      1.28419      1.05953
900      1.26614      1.09189
901      1.26179      1.06805
902      1.32367      1.01727
903      1.30125      1.02723
904      1.28007      1.03583
905      1.33982      0.984589
906      1.31916      0.993154
907      1.35306      0.927806
908      1.33472      0.960237
909      1.3334      0.935881
910      1.3316      0.193039
911      1.3      0
912      1.30534      0.0325991
913      1.32646      0.161646
914      1.32424      0.129569
915      1.31067      0.0651981
916      1.31601      0.0977972
917      1.3555      0.451787
918      1.35041      0.483227
919      1.34441      0.39539
920      1.34056      0.426403
921      1.33062      0.369044
922      1.30476      0.219829
923      1.3255      0.339468
924      1.31564      0.249038
925      1.32144      0.278563
926      1.32722      0.307935
927      1.33182      0.737283
928      1.33777      0.763847
929      1.3494      0.815728
930      1.34364      0.790022
931      1.33307      0.828332
932      1.33809      0.853302
933      1.34311      0.878273
934      1.34812      0.903243
935      1.33638      0.71072
936      1.34032      0.652356
937      1.33128      0.684157
938      1.33449      0.625282
939      1.32858      0.597801
940      1.33753      0.57032
941      1.34432      0.538843
942      1.33871      0.511594
943      1.30498      0.547105
944      1.24397      1.10022
945      1.2218      1.10812
946      1.19963      1.11553
947      1.25743      1.04421
948      1.2395      1.07686
949      1.23503      1.0535
950      1.29662      1.0036
951      1.27594      1.01204
952      1.25306      1.02029
953      1.31154      0.968593
954      1.2919      0.979483
955      1.32899      0.911095
956      1.30618      0.944035
957      1.30532      0.919188
958      1.29944      0.18909
959      1.26667      0
960      1.2722      0.0319033
961      1.27772      0.0638066
962      1.29762      0.157403
963      1.29161      0.126858
964      1.28538      0.095154
965      1.27377      0.22132
966      1.32702      0.454829
967      1.32755      0.484992
968      1.3118      0.429478
969      1.31531      0.398002
970      1.29854      0.458117
971      1.30123      0.371648
972      1.28495      0.250577
973      1.30326      0.339479
974      1.2849      0.282258
975      1.29716      0.309902
976      1.31674      0.721435
977      1.31774      0.751985
978      1.29711      0.758544
979      1.30649      0.78481
980      1.31103      0.810317
981      1.30866      0.835992
982      1.32001      0.860706
983      1.31922      0.886322
984      1.31185      0.694988
985      1.29242      0.70582
986      1.31397      0.657594
987      1.31286      0.622677
988      1.30164      0.602544
989      1.3103      0.574825
990      1.28664      0.558786
991      1.31085      0.515358
992      1.28712      0.528879
993      1.21781      1.08467
994      1.19612      1.09201
995      1.17745      1.12238
996      1.17382      1.09937
997      1.15528      1.12858
998      1.1331      1.13409
999      1.23238      1.02827
1000      1.21382      1.06122
1001      1.20983      1.03774
1002      1.26878      0.987758
1003      1.22842      1.00371
1004      1.2486      0.995862
1005      1.28718      0.955371
1006      1.26381      0.963478
1007      1.30062      0.894057
1008      1.28241      0.931052
1009      1.27758      0.906372
1010      1.23333      0
1011      1.27228      0.189096
1012      1.2399      0.0319043
1013      1.24507      0.0642251
1014      1.25305      0.095713
1015      1.26246      0.159411
1016      1.2568      0.12845
1017      1.24877      0.254137
1018      1.22955      0.236489
1019      1.2476      0.22132
1020      1.3047      0.486756
1021      1.28771      0.431129
1022      1.27751      0.403904
1023      1.27008      0.461655
1024      1.27994      0.371648
1025      1.25899      0.386131
1026      1.25457      0.284366
1027      1.27353      0.341851
1028      1.26712      0.312055
1029      1.11092      1.13885
1030      1.29711      0.73215
1031      1.27686      0.722195
1032      1.27649      0.765103
1033      1.28146      0.791659
1034      1.27852      0.817405
1035      1.28407      0.842814
1036      1.28962      0.868223
1037      1.2555      0.712015
1038      1.28772      0.67949
1039      1.27161      0.695752
1040      1.28298      0.652863
1041      1.29123      0.620071
1042      1.27319      0.597931
1043      1.2683      0.570466
1044      1.26341      0.543
1045      1.26925      0.510653
1046      1.19261      1.06848
1047      1.17018      1.07636
1048      1.15211      1.10554
1049      1.14893      1.08249
1050      1.13039      1.11102
1051      1.10867      1.11576
1052      1.20574      1.01368
1053      1.1891      1.04493
1054      1.1855      1.02079
1055      1.24414      0.971432
1056      1.20165      0.989627
1057      1.22446      0.979147
1058      1.26324      0.938992
1059      1.23964      0.9468
1060      1.27274      0.881693
1061      1.25891      0.914133
1062      1.25459      0.889275
1063      1.2      0
1064      1.20691      0.0321125
1065      1.24095      0.190366
1066      1.21381      0.0642251
1067      1.21862      0.0970308
1068      1.22483      0.129374
1069      1.23081      0.160575
1070      1.16667      0
1071      1.13333      0
1072      1.23037      0.284366
1073      1.2115      0.251658
1074      1.21065      0.218935
1075      1.2472      0.500676
1076      1.26356      0.482297
1077      1.26361      0.432779
1078      1.23804      0.400613
1079      1.24823      0.457816
1080      1.24058      0.367931
1081      1.22218      0.311586
1082      1.23466      0.338448
1083      1.19868      0.311575
1084      1.21902      0.356393
1085      1.08874      1.14281
1086      1.2613      0.738571
1087      1.25664      0.776009
1088      1.26141      0.80242
1089      1.26289      0.831402
1090      1.26783      0.856649
1091      1.22766      0.734331
1092      1.2375      0.701818
1093      1.2497      0.685458
1094      1.25656      0.658584
1095      1.2384      0.667076
1096      1.25138      0.630881
1097      1.24619      0.603178
1098      1.24699      0.57298
1099      1.24152      0.545395
1100      1.23055      0.51955
1101      1.16859      1.05335
1102      1.14576      1.05944
1103      1.09313      1.11042
1104      1.12768      1.08794
1105      1.12497      1.06487
1106      1.10642      1.09267
1107      1.1819      0.99664
1108      1.16556      1.02975
1109      1.15907      1.00612
1110      1.21677      0.958161
1111      1.17829      0.972401
1112      1.19754      0.965469
1113      1.23506      0.92178
1114      1.21208      0.933625
1115      1.24346      0.864052
1116      1.23049      0.89676
1117      1.22586      0.871377
1118      1.17942      0.0634804
1119      1.17304      0.0317402
1120      1.2045      0.188323
1121      1.18377      0.096022
1122      1.19565      0.129374
1123      1.195      0.159042
1124      1.13938      0.0322922
1125      1.1      0
1126      1.06667      0
1127      1.10622      0.0317591
1128      1.18654      0.284345
1129      1.18084      0.25389
1130      1.17501      0.222745
1131      1.22515      0.4907
1132      1.22335      0.4292
1133      1.21315      0.402388
1134      1.21975      0.46185
1135      1.20338      0.374338
1136      1.18827      0.404162
1137      1.16866      0.314353
1138      1.19776      0.34434
1139      1.06655      1.14593
1140      1.0754      1.12043
1141      1.23223      0.760623
1142      1.2368      0.786915
1143      1.24137      0.813181
1144      1.23826      0.838617
1145      1.2276      0.615119
1146      1.20211      0.741383
1147      1.21154      0.708039
1148      1.21852      0.681747
1149      1.22709      0.648694
1150      1.22569      0.575494
1151      1.20424      0.599612
1152      1.21964      0.54779
1153      1.20022      0.51156
1154      1.14251      1.03579
1155      1.1222      1.04119
1156      1.07099      1.10194
1157      1.10186      1.04588
1158      1.08758      1.08576
1159      1.10417      1.06958
1160      1.15534      0.982494
1161      1.13599      0.988422
1162      1.13925      1.01211
1163      1.19334      0.940808
1164      1.1515      0.958252
1165      1.1746      0.947633
1166      1.21236      0.904056
1167      1.18915      0.916147
1168      1.22118      0.845767
1169      1.20825      0.878529
1170      1.19783      0.859202
1171      1.15146      0.0968767
1172      1.14542      0.0645844
1173      1.16918      0.1916
1174      1.1575      0.129169
1175      1.16669      0.159037
1176      1.11115      0.064135
1177      1      0
1178      1.03333      0
1179      0.966667      0
1180      1.07258      0.0323849
1181      1.03944      0.0318918
1182      1.07979      0.064135
1183      1.1621      0.284355
1184      1.14384      0.252177
1185      1.13847      0.221264
1186      1.14004      0.301358
1187      1.18477      0.487644
1188      1.19457      0.433014
1189      1.1798      0.459042
1190      1.16465      0.371903
1191      1.1645      0.404797
1192      1.15948      0.342145
1193      1.04437      1.14818
1194      1.05932      1.12853
1195      1.04838      1.11546
1196      1.20693      0.767787
1197      1.21172      0.793986
1198      1.2165      0.820157
1199      1.20901      0.62706
1200      1.18264      0.752371
1201      1.18282      0.72074
1202      1.19232      0.687804
1203      1.20059      0.654507
1204      1.17719      0.604985
1205      1.19469      0.544718
1206      1.18374      0.572165
1207      1.1723      0.516246
1208      1.11941      1.01746
1209      1.09955      1.02212
1210      1.06742      1.08108
1211      1.05022      1.09867
1212      1.07923      1.04588
1213      1.08464      1.06348
1214      1.13265      0.964121
1215      1.11377      0.969383
1216      1.11663      0.993729
1217      1.17091      0.922865
1218      1.1293      0.939795
1219      1.15326      0.933999
1220      1.18492      0.891269
1221      1.16718      0.897889
1222      1.19302      0.834077
1223      1.18062      0.866004
1224      1.1744      0.827717
1225      1.12976      0.345382
1226      0.933333      0
1227      1.12821      0.129173
1228      1.11672      0.0962025
1229      1.13309      0.190352
1230      1.13504      0.160461
1231      1.11054      0.14588
1232      1.08442      0.0971548
1233      0.996177      0.0325732
1234      0.960561      0.0318918
1235      1.04429      0.0644197
1236      1.00765      0.0651463
1237      1.04567      0.0960845
1238      1.1245      0.28263
1239      1.11194      0.221264
1240      1.11318      0.254613
1241      1.11797      0.318362
1242      1.15657      0.492124
1243      1.1513      0.463279
1244      1.15474      0.430439
1245      1.14073      0.405431
1246      1.14276      0.371903
1247      1.10962      0.361017
1248      1.02219      1.14954
1249      1.03528      1.1325
1250      1.02909      1.11343
1251      1.01976      1.09623
1252      1.18321      0.782857
1253      1.18814      0.808572
1254      1.18224      0.63265
1255      1.15875      0.61696
1256      1.16316      0.763358
1257      1.15867      0.736919
1258      1.16822      0.704553
1259      1.17401      0.666091
1260      1.16053      0.582468
1261      1.16708      0.549656
1262      1.15139      0.525705
1263      1.09724      0.998356
1264      1.07717      1.02476
1265      1.05341      1.07227
1266      1.02971      1.08107
1267      1.01274      1.07448
1268      1.05659      1.04588
1269      1.11091      0.944997
1270      1.09248      0.949546
1271      1.09486      0.973977
1272      1.10804      0.92059
1273      1.14383      0.90969
1274      1.12595      0.915429
1275      1.1634      0.8725
1276      1.13989      0.884814
1277      1.15961      0.847111
1278      1.15577      0.821357
1279      1.09849      0.340324
1280      0.9      0
1281      0.928062      0.0327095
1282      0.866667      0
1283      1.09291      0.12827
1284      1.08427      0.208248
1285      1.10178      0.192203
1286      1.09287      0.162586
1287      1.04978      0.128113
1288      0.958441      0.0640563
1289      0.983044      0.0646013
1290      1.00959      0.0984236
1291      0.986664      0.0969317
1292      1.01778      0.129242
1293      1.09705      0.282526
1294      1.08998      0.239453
1295      1.06677      0.224293
1296      1.08669      0.313715
1297      1.13161      0.513344
1298      1.12619      0.484988
1299      1.13331      0.445778
1300      1.11533      0.428276
1301      1.1098      0.399393
1302      1.08948      0.376652
1303      0.833333      0
1304      1      1.15
1305      1.01674      1.13289
1306      1.00981      1.11139
1307      1.00287      1.08989
1308      0.99578      1.06789
1309      1.1519      0.795347
1310      1.14355      0.773628
1311      1.13565      0.601563
1312      1.15792      0.65076
1313      1.1403      0.628935
1314      1.13926      0.747498
1315      1.14009      0.716131
1316      1.14961      0.683678
1317      1.14231      0.569228
1318      1.13704      0.541701
1319      1.05479      1.0274
1320      1.07085      0.977024
1321      1.07264      1.00133
1322      1.00606      1.05027
1323      1.02343      1.05467
1324      1.03241      1.03004
1325      1.0901      0.925109
1326      1.06906      0.952599
1327      1.08766      0.900006
1328      1.1051      0.895548
1329      1.12251      0.890464
1330      1.13596      0.859939
1331      1.132      0.834895
1332      1.13726      0.809396
1333      1.0696      0.343567
1334      0.892947      0.0322922
1335      0.922791      0.0654191
1336      0.859954      0.0320062
1337      1.06058      0.160203
1338      1.06959      0.189362
1339      1.0252      0.159369
1340      0.954329      0.0960845
1341      0.982218      0.129242
1342      0.999384      0.145629
1343      1.0696      0.282421
1344      1.06566      0.251716
1345      1.04842      0.207222
1346      1.046      0.238127
1347      1.04932      0.311958
1348      0.826088      0.0323436
1349      1.1112      0.522353
1350      1.10691      0.493558
1351      1.1117      0.460756
1352      1.06685      0.376706
1353      1.08851      0.429715
1354      1.08477      0.400567
1355      0.8      0
1356      0.977815      1.14954
1357      0.98326      1.13289
1358      0.988164      1.11358
1359      0.973907      1.09248
1360      0.967008      1.07533
1361      0.988682      1.04588
1362      0.977945      1.06304
1363      1.12394      0.783898
1364      1.11986      0.758076
1365      1.12114      0.586202
1366      1.11728      0.613569
1367      1.13203      0.662067
1368      1.12173      0.640692
1369      1.12055      0.679194
1370      1.11573      0.731955
1371      1.12397      0.705834
1372      1.10304      0.542877
1373      1.10663      0.570841
1374      1.04743      0.973976
1375      1.04804      1.0043
1376      1.01003      1.03268
1377      1.01717      1.01551
1378      0.981463      1.02954
1379      1.04565      0.955652
1380      1.04446      0.931217
1381      1.06436      0.925108
1382      1.06261      0.900005
1383      1.07303      0.87844
1384      1.10216      0.870507
1385      1.10738      0.84229
1386      1.1121      0.814777
1387      1.09318      0.793938
1388      1.0407      0.34681
1389      0.888851      0.064135
1390      0.917519      0.0981286
1391      0.854582      0.0645867
1392      1.03006      0.190151
1393      1.00552      0.176083
1394      0.950216      0.128113
1395      0.980986      0.162016
1396      1.03918      0.284754
1397      1.02508      0.257549
1398      1.02635      0.224538
1399      1.02049      0.313592
1400      0.793794      0.0323436
1401      0.818843      0.0646872
1402      1.08136      0.514586
1403      1.07689      0.486296
1404      1.07241      0.458005
1405      1.05555      0.403761
1406      1.04422      0.376759
1407      1.0596      0.433184
1408      0.766667      0
1409      0.760095      0.0319043
1410      0.95563      1.14818
1411      0.964718      1.1325
1412      0.96652      1.11578
1413      0.94978      1.09866
1414      0.947485      1.07931
1415      0.96011      1.05819
1416      0.965274      1.03795
1417      1.09013      0.767949
1418      1.08703      0.741596
1419      1.09458      0.598208
1420      1.09891      0.625575
1421      1.10316      0.65245
1422      1.09411      0.684018
1423      1.09779      0.71077
1424      1.07528      0.547182
1425      1.07912      0.575094
1426      1.02372      0.973975
1427      1.02431      0.998354
1428      0.998843      1.01023
1429      0.974245      1.0132
1430      1.02312      0.949544
1431      1.02797      0.920989
1432      1.03757      0.900004
1433      1.04834      0.882033
1434      1.05841      0.856873
1435      1.08276      0.849686
1436      1.05964      0.799927
1437      1.08025      0.823912
1438      1.06579      0.775942
1439      1.01717      0.377576
1440      1.01357      0.34681
1441      0.907087      0.12827
1442      0.881333      0.0952774
1443      0.84854      0.0968801
1444      1.00183      0.208907
1445      0.977317      0.193277
1446      0.93942      0.160203
1447      0.958368      0.17674
1448      1.01306      0.284754
1449      0.99508      0.255692
1450      0.998457      0.2323
1451      0.991649      0.315226
1452      0.787587      0.0646872
1453      0.816226      0.096022
1454      1.06133      0.522604
1455      1.058      0.49424
1456      1.0456      0.468201
1457      1.03097      0.412583
1458      1.03401      0.434651
1459      0.733333      0
1460      0.727097      0.031718
1461      0.754933      0.0642251
1462      0.933446      1.14593
1463      0.945396      1.11793
1464      0.929007      1.10194
1465      0.925072      1.08092
1466      0.933984      1.06076
1467      0.942895      1.04059
1468      0.950226      1.02211
1469      1.06283      0.754773
1470      1.07005      0.719201
1471      1.07119      0.606627
1472      1.07444      0.634291
1473      1.06478      0.665159
1474      1.06742      0.692274
1475      1.05398      0.554264
1476      1.05672      0.582408
1477      0.999407      0.967854
1478      0.998813      0.986165
1479      0.974801      0.989211
1480      0.950789      0.992258
1481      1      0.949543
1482      1.00574      0.930152
1483      1.01147      0.910762
1484      1.02364      0.885626
1485      1.00556      0.892814
1486      1.03407      0.864061
1487      1.04378      0.843986
1488      1.03838      0.795928
1489      1.0535      0.823911
1490      1.03863      0.767949
1491      0.986433      0.34681
1492      1.01178      0.399491
1493      0.990117      0.378394
1494      0.90071      0.159439
1495      0.875111      0.127036
1496      0.839817      0.128025
1497      0.965069      0.220934
1498      0.930413      0.189362
1499      0.986941      0.284754
1500      0.965076      0.253835
1501      0.962813      0.316861
1502      0.779278      0.0963377
1503      0.807828      0.126961
1504      1.02699      0.55426
1505      1.03067      0.522604
1506      1.029      0.49424
1507      1.0152      0.468193
1508      1.0064      0.421405
1509      1.0108      0.444799
1510      0.7      0
1511      0.694664      0.0325991
1512      0.72086      0.063436
1513      0.749066      0.0963377
1514      0.911263      1.14281
1515      0.924604      1.12043
1516      0.909092      1.10655
1517      0.910778      1.08923
1518      0.911604      1.0634
1519      0.920516      1.04323
1520      0.925338      1.02211
1521      0.927074      0.998352
1522      1.04033      0.743574
1523      1.04203      0.719199
1524      1.03993      0.697657
1525      1.05584      0.627616
1526      1.04048      0.648605
1527      1.03834      0.670579
1528      1.02836      0.582403
1529      1.02227      0.607227
1530      0.99863      0.568327
1531      0.975393      0.964812
1532      0.95257      0.973973
1533      0.928557      0.970919
1534      0.975987      0.940378
1535      0.987478      0.900002
1536      0.987129      0.925105
1537      0.985378      0.878436
1538      1.00972      0.871249
1539      1.01182      0.849682
1540      1.01711      0.791929
1541      1.02675      0.823909
1542      1.01288      0.767949
1543      0.959298      0.34681
1544      0.963067      0.379211
1545      0.975422      0.412583
1546      0.902055      0.194087
1547      0.872283      0.159439
1548      0.836643      0.160461
1549      0.881795      0.207676
1550      0.930404      0.343567
1551      0.938298      0.220934
1552      0.960822      0.284754
1553      0.934345      0.251716
1554      0.938062      0.315288
1555      0.896979      0.225588
1556      0.913311      0.313715
1557      0.772371      0.12845
1558      0.80165      0.157711
1559      1.00368      0.538425
1560      1.00166      0.508422
1561      0.970998      0.49424
1562      0.993798      0.48122
1563      0.986693      0.448767
1564      0.974848      0.546335
1565      0.666667      0
1566      0.661677      0.0324318
1567      0.687867      0.0648636
1568      0.716746      0.095713
1569      0.743199      0.12845
1570      0.889081      1.13885
1571      0.89133      1.11576
1572      0.893579      1.09267
1573      0.895828      1.06958
1574      0.898137      1.04587
1575      0.900451      1.02211
1576      0.902765      0.998352
1577      0.90514      0.973972
1578      1.01666      0.73545
1579      1.01244      0.70304
1580      1.0119      0.675999
1581      1.01618      0.632051
1582      1.00909      0.652812
1583      0.99188      0.615498
1584      0.995255      0.591912
1585      0.971639      0.582395
1586      0.953165      0.943432
1587      0.930639      0.949541
1588      0.907519      0.94954
1589      0.961386      0.925104
1590      0.962433      0.900001
1591      0.963484      0.87484
1592      0.988178      0.849681
1593      0.992772      0.799923
1594      1      0.823907
1595      0.98996      0.743575
1596      0.987125      0.767949
1597      0.964534      0.849679
1598      0.941338      0.37103
1599      0.944448      0.403761
1600      0.957239      0.43905
1601      0.919024      0.37103
1602      0.858154      0.1916
1603      0.826839      0.189908
1604      0.861535      0.221264
1605      0.901511      0.340324
1606      0.90804      0.251946
1607      0.918377      0.283925
1608      0.881734      0.252177
1609      0.894407      0.298173
1610      0.769187      0.160575
1611      0.790377      0.191762
1612      0.969333      0.522604
1613      0.941995      0.49424
1614      0.954402      0.468179
1615      0.946019      0.554245
1616      0.633333      0
1617      0.627956      0.032162
1618      0.656687      0.0648636
1619      0.683991      0.0977972
1620      0.711217      0.127615
1621      0.73405      0.158355
1622      0.866902      1.13409
1623      0.869609      1.11102
1624      0.872317      1.08794
1625      0.875025      1.06487
1626      0.877805      1.04119
1627      0.88059      1.01746
1628      0.883375      0.993729
1629      0.886232      0.969383
1630      0.889094      0.944997
1631      0.985991      0.719193
1632      0.98546      0.68142
1633      0.981249      0.646638
1634      0.962522      0.61143
1635      0.943278      0.58239
1636      0.935293      0.921517
1637      0.909899      0.925102
1638      0.937389      0.9
1639      0.891958      0.92059
1640      0.9409      0.872691
1641      0.973723      0.789265
1642      0.973252      0.823906
1643      0.963264      0.7517
1644      0.954673      0.778607
1645      0.946504      0.823904
1646      0.944412      0.845383
1647      0.915232      0.400567
1648      0.93206      0.429715
1649      0.927587      0.458005
1650      0.895857      0.369859
1651      0.877146      0.348654
1652      0.824988      0.222753
1653      0.85106      0.249795
1654      0.869414      0.312388
1655      0.875503      0.28263
1656      0.763203      0.191762
1657      0.783391      0.22295
1658      0.938667      0.522604
1659      0.923114      0.486296
1660      0.924716      0.547182
1661      0.920875      0.575094
1662      0.6      0
1663      0.595705      0.032162
1664      0.622578      0.064324
1665      0.649498      0.0968606
1666      0.675763      0.129569
1667      0.70589      0.158355
1668      0.727718      0.189096
1669      0.844724      1.12858
1670      0.847894      1.10554
1671      0.851065      1.08249
1672      0.854236      1.05944
1673      0.85749      1.03579
1674      0.860749      1.01211
1675      0.864008      0.988422
1676      0.867351      0.964121
1677      0.870698      0.939795
1678      0.959547      0.692263
1679      0.957973      0.719191
1680      0.956475      0.666364
1681      0.953404      0.640465
1682      0.928806      0.606627
1683      0.905421      0.598208
1684      0.946609      0.735444
1685      0.912344      0.899999
1686      0.919368      0.871599
1687      0.894897      0.895548
1688      0.87405      0.915429
1689      0.917245      0.849677
1690      0.941064      0.795927
1691      0.935623      0.767949
1692      0.902066      0.832142
1693      0.919756      0.823903
1694      0.890202      0.399393
1695      0.893163      0.432175
1696      0.888302      0.460756
1697      0.872264      0.378946
1698      0.856247      0.360278
1699      0.85097      0.336333
1700      0.845694      0.312388
1701      0.826626      0.297114
1702      0.81389      0.25165
1703      0.845146      0.279982
1704      0.757218      0.22295
1705      0.788498      0.251658
1706      0.893091      0.493558
1707      0.900591      0.514586
1708      0.896958      0.542877
1709      0.893367      0.570841
1710      0.589938      0.0641154
1711      0.566667      0
1712      0.561985      0.0319702
1713      0.6172      0.0964859
1714      0.643806      0.128973
1715      0.67354      0.161646
1716      0.696377      0.187948
1717      0.726232      0.22132
1718      0.822547      1.12238
1719      0.826185      1.09937
1720      0.828456      1.07636
1721      0.83141      1.05335
1722      0.837191      1.02975
1723      0.837475      1.00612
1724      0.844663      0.982494
1725      0.843622      0.958252
1726      0.846736      0.933999
1727      0.856174      0.90969
1728      0.929954      0.719188
1729      0.932577      0.69226
1730      0.922379      0.661386
1731      0.925559      0.634291
1732      0.901094      0.625575
1733      0.876164      0.607108
1734      0.912965      0.741596
1735      0.897836      0.870507
1736      0.877485      0.890464
1737      0.884376      0.840382
1738      0.906822      0.793938
1739      0.909873      0.767949
1740      0.887899      0.814777
1741      0.860107      0.884814
1742      0.873815      0.484988
1743      0.872156      0.416918
1744      0.866781      0.445598
1745      0.851148      0.40166
1746      0.835348      0.371903
1747      0.824796      0.34434
1748      0.807848      0.314353
1749      0.807558      0.28184
1750      0.745737      0.252275
1751      0.777188      0.27948
1752      0.87858      0.517919
1753      0.862957      0.541701
1754      0.86901      0.574192
1755      0.853301      0.496621
1756      0.587116      0.0964859
1757      0.557304      0.0639404
1758      0.529639      0.0328836
1759      0.533333      0
1760      0.614786      0.128969
1761      0.638301      0.160027
1762      0.668401      0.193039
1763      0.690371      0.218493
1764      0.720576      0.252275
1765      0.800373      1.11553
1766      0.80388      1.09201
1767      0.807387      1.06848
1768      0.810897      1.04493
1769      0.814497      1.02079
1770      0.818096      0.99664
1771      0.82171      0.972401
1772      0.825402      0.947633
1773      0.829094      0.922865
1774      0.832817      0.897889
1775      0.852484      0.596405
1776      0.902208      0.71077
1777      0.905889      0.684018
1778      0.896845      0.65245
1779      0.872034      0.634815
1780      0.847281      0.623583
1781      0.884275      0.731955
1782      0.880145      0.758076
1783      0.86404      0.859939
1784      0.859461      0.834895
1785      0.876062      0.783898
1786      0.862736      0.809396
1787      0.836602      0.8725
1788      0.839407      0.459042
1789      0.796622      0.374351
1790      0.845259      0.430439
1791      0.822035      0.397944
1792      0.795086      0.341311
1793      0.7764      0.35939
1794      0.771265      0.308964
1795      0.739288      0.282258
1796      0.848614      0.525705
1797      0.843958      0.554594
1798      0.848221      0.575499
1799      0.833554      0.487644
1800      0.579909      0.128022
1801      0.554833      0.0961731
1802      0.524428      0.0656201
1803      0.496671      0.0328101
1804      0.5      0
1805      0.61032      0.160022
1806      0.637125      0.191996
1807      0.658246      0.22321
1808      0.715099      0.282258
1809      0.689908      0.250577
1810      0.7782      1.10812
1811      0.782188      1.08467
1812      0.786177      1.06122
1813      0.79017      1.03774
1814      0.794262      1.01368
1815      0.798353      0.989627
1816      0.802462      0.965469
1817      0.806656      0.940808
1818      0.810851      0.916147
1819      0.815082      0.891269
1820      0.82281      0.604985
1821      0.865988      0.724298
1822      0.876034      0.705834
1823      0.867971      0.662067
1824      0.879454      0.679194
1825      0.830482      0.638217
1826      0.849227      0.650142
1827      0.855942      0.742762
1828      0.851981      0.769336
1829      0.843858      0.850338
1830      0.844226      0.821357
1831      0.848103      0.795347
1832      0.819379      0.866004
1833      0.810887      0.454847
1834      0.782651      0.4006
1835      0.805433      0.432999
1836      0.756178      0.344429
1837      0.749451      0.374461
1838      0.73967      0.314398
1839      0.753532      0.397231
1840      0.821876      0.544718
1841      0.810255      0.516246
1842      0.81626      0.572165
1843      0.792831      0.4907
1844      0.578719      0.159369
1845      0.550914      0.128022
1846      0.519976      0.0984302
1847      0.493343      0.0656201
1848      0.466667      0
1849      0.470002      0.0281081
1850      0.433333      0
1851      0.4      0
1852      0.366667      0
1853      0.718371      0.327166
1854      0.632323      0.22321
1855      0.601516      0.190282
1856      0.658141      0.255718
1857      0.702836      0.309902
1858      0.684752      0.280325
1859      0.756028      1.10022
1860      0.7605      1.07686
1861      0.76375      1.0523
1862      0.767623      1.02827
1863      0.771581      1.00371
1864      0.77862      0.982217
1865      0.783225      0.958161
1866      0.783585      0.929221
1867      0.787641      0.904056
1868      0.791754      0.878529
1869      0.795762      0.599612
1870      0.805028      0.62706
1871      0.783621      0.62897
1872      0.806104      0.660299
1873      0.845836      0.710445
1874      0.850388      0.683678
1875      0.82599      0.666091
1876      0.826743      0.730857
1877      0.832408      0.758527
1878      0.828328      0.784816
1879      0.823676      0.840738
1880      0.824265      0.811008
1881      0.802171      0.859202
1882      0.780248      0.461865
1883      0.776653      0.4292
1884      0.728145      0.374461
1885      0.733907      0.344429
1886      0.747836      0.425586
1887      0.722495      0.403904
1888      0.78653      0.51955
1889      0.794241      0.539806
1890      0.774316      0.575475
1891      0.746673      0.486417
1892      0.766602      0.502983
1893      0.574591      0.190282
1894      0.547126      0.158813
1895      0.518598      0.131162
1896      0.490014      0.0984302
1897      0.471198      0.0730989
1898      0.443333      0.0234061
1899      0.452381      0.0477675
1900      0.409259      0.0241491
1901      0.375      0.0229881
1902      0.333333      0
1903      0.266667      0
1904      0.3      0
1905      0.342222      0.0222915
1906      0.696744      0.339479
1907      0.621816      0.253029
1908      0.596347      0.221195
1909      0.646821      0.284286
1910      0.679627      0.309902
1911      0.667009      0.337306
1912      0.565413      0.220395
1913      0.733858      1.09189
1914      0.738213      1.06805
1915      0.742569      1.04421
1916      0.746939      1.02029
1917      0.751402      0.995862
1918      0.755865      0.971432
1919      0.760365      0.9468
1920      0.764936      0.92178
1921      0.769506      0.89676
1922      0.774144      0.871377
1923      0.753803      0.603198
1924      0.762215      0.630881
1925      0.786219      0.654507
1926      0.793838      0.681747
1927      0.82153      0.693762
1928      0.807601      0.719448
1929      0.812835      0.747718
1930      0.808554      0.774286
1931      0.804303      0.80066
1932      0.80006      0.826991
1933      0.778822      0.845767
1934      0.74214      0.453942
1935      0.698767      0.371648
1936      0.716954      0.432779
1937      0.693434      0.400839
1938      0.765386      0.525387
1939      0.76417      0.54779
1940      0.74703      0.570448
1941      0.723451      0.49053
1942      0.741578      0.515018
1943      0.714235      0.592844
1944      0.538988      0.189028
1945      0.534494      0.219714
1946      0.515052      0.162725
1947      0.486725      0.130849
1948      0.467341      0.111116
1949      0.428571      0.0716513
1950      0.447956      0.0913837
1951      0.42      0.0468122
1952      0.385185      0.0482983
1953      0.242424      0.024318
1954      0.233333      0
1955      0.35      0.0459762
1956      0.307692      0.0231489
1957      0.275      0.0222915
1958      0.320833      0.0459762
1959      0.661233      0.366678
1960      0.61653      0.28285
1961      0.59121      0.251919
1962      0.56636      0.251919
1963      0.611245      0.312671
1964      0.648258      0.316093
1965      0.643316      0.346281
1966      0.535787      0.250969
1967      0.711689      1.08323
1968      0.716539      1.05953
1969      0.71993      1.03583
1970      0.724065      1.01204
1971      0.731224      0.987758
1972      0.736192      0.963478
1973      0.741202      0.938992
1974      0.741085      0.914133
1975      0.751375      0.889275
1976      0.756536      0.864052
1977      0.76174      0.838617
1978      0.721913      0.625397
1979      0.739039      0.64199
1980      0.767611      0.67573
1981      0.756165      0.658584
1982      0.7625      0.701818
1983      0.788459      0.708039
1984      0.783079      0.734331
1985      0.777699      0.760623
1986      0.785877      0.7806
1987      0.766945      0.813181
1988      0.711413      0.461655
1989      0.664359      0.398002
1990      0.688202      0.429478
1991      0.719705      0.565616
1992      0.736592      0.543
1993      0.695302      0.486756
1994      0.716987      0.519386
1995      0.703192      0.611554
1996      0.695781      0.581582
1997      0.511506      0.194288
1998      0.502763      0.225268
1999      0.483532      0.162322
2000      0.457491      0.159765
2001      0.462416      0.13544
2002      0.2      0
2003      0.436777      0.12472
2004      0.404762      0.089166
2005      0.373333      0.0936243
2006      0.361111      0.0668745
2007      0.265705      0.0458691
2008      0.218182      0.0425565
2009      0.329412      0.0708083
2010      0.293333      0.0668745
2011      0.638375      0.376469
2012      0.555981      0.280493
2013      0.592658      0.282841
2014      0.588369      0.312661
2015      0.613695      0.344277
2016      0.498549      0.256316
2017      0.532154      0.280493
2018      0.68952      1.07432
2019      0.694133      1.05077
2020      0.698746      1.02723
2021      0.703376      1.0036
2022      0.7081      0.979483
2023      0.712824      0.955371
2024      0.717588      0.931052
2025      0.722424      0.906372
2026      0.727259      0.881693
2027      0.732166      0.856649
2028      0.737112      0.831402
2029      0.692149      0.630264
2030      0.717019      0.652863
2031      0.738411      0.685458
2032      0.733442      0.712015
2033      0.757389      0.727906
2034      0.752278      0.753994
2035      0.742058      0.806155
2036      0.763201      0.786915
2037      0.0666667      0
2038      0.166667      0
2039      0.133333      0
2040      0.1      0
2041      0.68297      0.458117
2042      0.63361      0.405573
2043      0.659434      0.426416
2044      0.695016      0.547105
2045      0.667132      0.483242
2046      0.68915      0.515358
2047      0.684378      0.602544
2048      0.677328      0.57032
2049      0.665506      0.625282
2050      0.477147      0.225268
2051      0.480339      0.193795
2052      0.450038      0.181376
2053      0.431449      0.157208
2054      0.175      0.0250779
2055      0.406214      0.138323
2056      0.380952      0.119419
2057      0.193939      0.0638348
2058      0.34386      0.114391
2059      0.25641      0.0694466
2060      0.225      0.0668745
2061      0.3      0.0919525
2062      0.275      0.0919525
2063      0.592705      0.357591
2064      0.60908      0.374272
2065      0.558438      0.311245
2066      0.57633      0.340909
2067      0.528521      0.310018
2068      0.473997      0.256316
2069      0.501077      0.287117
2070      0.595595      0.40096
2071      0.667352      1.06523
2072      0.67259      1.04125
2073      0      0
2074      0.677828      1.01727
2075      0.680839      0.993152
2076      0.685434      0.968593
2077      0.690029      0.944035
2078      0.699248      0.919188
2079      0.704737      0.894057
2080      0.721436      0.817596
2081      0.704214      0.868223
2082      0.708969      0.842814
2083      0.686027      0.657594
2084      0.712275      0.67949
2085      0.689389      0.67869
2086      0.710475      0.71895
2087      0.728473      0.738571
2088      0.704339      0.738715
2089      0.732901      0.765103
2090      0.712652      0.775069
2091      0.727101      0.791659
2092      0.0333333      0
2093      0.05      0.0334373
2094      0.08      0.0401247
2095      0.15      0.0417966
2096      0.111111      0.044583
2097      0.65451      0.454829
2098      0.619205      0.431919
2099      0.638953      0.479986
2100      0.667491      0.542839
2101      0.661293      0.511594
2102      0.633426      0.508095
2103      0.65745      0.597801
2104      0.656278      0.568207
2105      0.659682      0.652356
2106      0.638842      0.620592
2107      0.446771      0.239065
2108      0.453598      0.209184
2109      0.430049      0.193099
2110      0.406084      0.17673
2111      0.163333      0.0702182
2112      0.381613      0.160016
2113      0.357143      0.143303
2114      0.2      0.089166
2115      0.312963      0.120746
2116      0.326667      0.140436
2117      0.238095      0.095535
2118      0.282353      0.118014
2119      0.571157      0.399986
2120      0.57137      0.370572
2121      0.517121      0.338362
2122      0.554477      0.340909
2123      0.49768      0.31736
2124      0.429996      0.256313
2125      0.442131      0.280195
2126      0.470904      0.286797
2127      0.595384      0.430727
2128      0.571562      0.429535
2129      0.645184      1.05607
2130      0.649422      1.03228
2131      0      0.0334373
2132      0.653659      1.0085
2133      0.660175      0.984589
2134      0.665282      0.960237
2135      0.670389      0.935885
2136      0.671013      0.911095
2137      0.675501      0.8859
2138      0.696685      0.810505
2139      0.68601      0.861402
2140      0.69134      0.835992
2141      0.668717      0.684157
2142      0.692751      0.699787
2143      0.687508      0.725886
2144      0.698203      0.75848
2145      0.693512      0.78481
2146      0.025      0.0501559
2147      0.0666667      0.0668745
2148      0.0952381      0.0716513
2149      0.125      0.0752338
2150      0.624122      0.463537
2151      0.619378      0.492519
2152      0.63995      0.538843
2153      0.635228      0.566093
2154      0.614739      0.520857
2155      0.630506      0.593342
2156      0.61169      0.583012
2157      0.642673      0.678679
2158      0.621136      0.647408
2159      0.617697      0.626277
2160      0.420351      0.235035
2161      0.390855      0.203634
2162      0.169697      0.097272
2163      0.184615      0.115744
2164      0.14      0.0936243
2165      0.362094      0.18541
2166      0.333333      0.167186
2167      0.214286      0.119419
2168      0.22479      0.142319
2169      0.288889      0.144895
2170      0.303333      0.163843
2171      0.25      0.137929
2172      0.494282      0.347603
2173      0.533213      0.425573
2174      0.51282      0.367732
2175      0.546718      0.399011
2176      0.542083      0.369057
2177      0.467841      0.316989
2178      0.464817      0.346802
2179      0.413222      0.273561
2180      0.411228      0.295505
2181      0.439606      0.306274
2182      0.557112      0.455838
2183      0.585461      0.458135
2184      0.623016      1.04691
2185      0.627751      1.02334
2186      0      0.0668745
2187      0.632486      0.999771
2188      0.667084      0.783604
2189      0.671944      0.803361
2190      0.637247      0.976074
2191      0.642095      0.95194
2192      0.646943      0.927806
2193      0.651878      0.903243
2194      0.656894      0.878273
2195      0.666927      0.828332
2196      0.661911      0.853302
2197      0.648359      0.705002
2198      0.674126      0.71072
2199      0.668176      0.737283
2200      0.662225      0.763847
2201      0.025      0.0752338
2202      0.0444444      0.089166
2203      0.0714286      0.095535
2204      0.1      0.100312
2205      0.591355      0.489473
2206      0.610192      0.548633
2207      0.587032      0.517565
2208      0.601099      0.604186
2209      0.592874      0.572683
2210      0.616615      0.673494
2211      0.622573      0.699579
2212      0.592149      0.658863
2213      0.596552      0.631963
2214      0.116667      0.11703
2215      0.392184      0.240102
2216      0.364983      0.223968
2217      0.179487      0.138893
2218      0.15      0.133749
2219      0.337438      0.207628
2220      0.344315      0.238487
2221      0.309524      0.19107
2222      0.20625      0.160917
2223      0.235294      0.165219
2224      0.285714      0.200624
2225      0.264815      0.169044
2226      0.528779      0.453831
2227      0.482259      0.376352
2228      0.504488      0.424634
2229      0.51778      0.397315
2230      0.456582      0.385375
2231      0.434884      0.33961
2232      0.432894      0.367004
2233      0.392693      0.310262
2234      0.382185      0.284483
2235      0.404951      0.332418
2236      0.524344      0.482089
2237      0.552361      0.484252
2238      0.600848      1.03784
2239      0.606218      1.01387
2240      0      0.100312
2241      0.610048      0.989899
2242      0.648402      0.790022
2243      0.64347      0.815728
2244      0.616996      0.965757
2245      0.619392      0.941207
2246      0.624102      0.916657
2247      0.633578      0.89173
2248      0.633707      0.866602
2249      0.644845      0.841433
2250      0.642697      0.731325
2251      0.637035      0.757648
2252      0.607574      0.725665
2253      0.0277778      0.111458
2254      0.05      0.12539
2255      0.0777778      0.133749
2256      0.559307      0.514753
2257      0.549277      0.540754
2258      0.570607      0.541933
2259      0.570072      0.627793
2260      0.572126      0.571284
2261      0.574311      0.600241
2262      0.587627      0.716513
2263      0.596638      0.69519
2264      0.572593      0.681104
2265      0.565971      0.654449
2266      0.121212      0.145908
2267      0.0969697      0.148948
2268      0.351744      0.286639
2269      0.353895      0.259947
2270      0.171111      0.178332
2271      0.138462      0.162042
2272      0.323646      0.253006
2273      0.316585      0.222038
2274      0.288976      0.227801
2275      0.240741      0.193193
2276      0.211765      0.188822
2277      0.256667      0.210655
2278      0.500405      0.452516
2279      0.48437      0.43583
2280      0.478304      0.405497
2281      0.453192      0.413465
2282      0.430905      0.394397
2283      0.405089      0.367919
2284      0.374159      0.325019
2285      0.3767      0.35627
2286      0.496333      0.480326
2287      0.520006      0.50973
2288      0.578679      1.02895
2289      0.583014      1.00522
2290      0      0.133749
2291      0.588887      0.981496
2292      0.62351      0.783572
2293      0.620504      0.834501
2294      0.618857      0.809036
2295      0.594027      0.9576
2296      0.596156      0.933293
2297      0.603046      0.843516
2298      0.604483      0.908986
2299      0.605106      0.884307
2300      0.615144      0.859421
2301      0.579108      0.738529
2302      0.611827      0.75175
2303      0.025      0.146288
2304      0.0518519      0.156041
2305      0.0727273      0.170226
2306      0.527948      0.539574
2307      0.551378      0.569886
2308      0.549825      0.624151
2309      0.547487      0.596942
2310      0.567681      0.707361
2311      0.546694      0.676841
2312      0.539797      0.650413
2313      0.128205      0.185191
2314      0.1      0.178332
2315      0.34328      0.3176
2316      0.317608      0.281493
2317      0.175      0.206893
2318      0.146667      0.200624
2319      0.292239      0.254978
2320      0.261905      0.238838
2321      0.198026      0.217837
2322      0.221053      0.228781
2323      0.238095      0.245207
2324      0.481157      0.464434
2325      0.455926      0.434437
2326      0.428079      0.421434
2327      0.405227      0.40342
2328      0.379241      0.387522
2329      0.348069      0.344491
2330      0.323396      0.341377
2331      0.352859      0.371382
2332      0.492326      0.507693
2333      0.477954      0.492945
2334      0.500586      0.537049
2335      0.598605      0.777419
2336      0.55651      1.02032
2337      0.561345      0.99684
2338      0      0.167186
2339      0.566181      0.973362
2340      0.594233      0.802642
2341      0.589862      0.827865
2342      0.568745      0.94972
2343      0.572914      0.92566
2344      0.585587      0.852532
2345      0.577084      0.901601
2346      0.585993      0.877173
2347      0.558306      0.733607
2348      0.574828      0.764676
2349      0.025      0.175546
2350      0.0466667      0.187249
2351      0.075      0.200624
2352      0.511472      0.56411
2353      0.519408      0.646941
2354      0.520721      0.59369
2355      0.529578      0.620509
2356      0.532253      0.702871
2357      0.537505      0.728685
2358      0.510133      0.672984
2359      0.119048      0.214954
2360      0.311569      0.30998
2361      0.289527      0.294737
2362      0.1375      0.229881
2363      0.164706      0.236028
2364      0.267486      0.279493
2365      0.240414      0.274608
2366      0.192593      0.241491
2367      0.21      0.257467
2368      0.428349      0.448581
2369      0.453037      0.462913
2370      0.40366      0.434248
2371      0.398117      0.468748
2372      0.298724      0.338263
2373      0.376323      0.411783
2374      0.352831      0.40474
2375      0.31335      0.367863
2376      0.32706      0.38978
2377      0.45016      0.491275
2378      0.481738      0.528066
2379      0.443208      0.511606
2380      0.46289      0.519083
2381      0.484411      0.561747
2382      0.570625      0.790353
2383      0.534339      1.01202
2384      0.538247      0.98815
2385      0      0.200624
2386      0.543472      0.965571
2387      0.571785      0.821581
2388      0.566985      0.845994
2389      0.548071      0.942185
2390      0.550101      0.915729
2391      0.558188      0.866325
2392      0.557434      0.894565
2393      0.549837      0.759306
2394      0.545923      0.784743
2395      0.0233333      0.210655
2396      0.0769231      0.231489
2397      0.0484848      0.218862
2398      0.499018      0.643469
2399      0.480527      0.588273
2400      0.503107      0.617417
2401      0.528897      0.754562
2402      0.511584      0.698987
2403      0.512208      0.72439
2404      0.490915      0.695104
2405      0.484287      0.669522
2406      0.0977778      0.245207
2407      0.125      0.252869
2408      0.271181      0.321413
2409      0.144444      0.267498
2410      0.168519      0.26564
2411      0.242733      0.304009
2412      0.214286      0.286605
2413      0.186667      0.280873
2414      0.422295      0.482091
2415      0.373405      0.436045
2416      0.38187      0.487392
2417      0.36552      0.463378
2418      0.273577      0.358731
2419      0.29019      0.375907
2420      0.345728      0.426706
2421      0.30808      0.405669
2422      0.423525      0.504128
2423      0.459116      0.546892
2424      0.438817      0.535063
2425      0.455431      0.574042
2426      0.548448      0.810181
2427      0.512168      1.00413
2428      0.515801      0.980519
2429      0      0.234061
2430      0.521001      0.956909
2431      0.543778      0.835145
2432      0.525456      0.93309
2433      0.534348      0.859974
2434      0.526825      0.90887
2435      0.530551      0.884651
2436      0.528489      0.779549
2437      0.524021      0.804757
2438      0.025      0.245207
2439      0.0512821      0.254638
2440      0.472865      0.640597
2441      0.465542      0.603431
2442      0.43901      0.601182
2443      0.464413      0.661909
2444      0.507956      0.749818
2445      0.486926      0.720523
2446      0.465357      0.69187
2447      0.0916667      0.275857
2448      0.117647      0.283233
2449      0.246346      0.342923
2450      0.147368      0.297416
2451      0.218411      0.326706
2452      0.190476      0.310489
2453      0.166667      0.312081
2454      0.398221      0.511406
2455      0.336331      0.453757
2456      0.331495      0.479203
2457      0.376063      0.508613
2458      0.35822      0.489814
2459      0.26703      0.383952
2460      0.2891      0.421559
2461      0.316806      0.433552
2462      0.384235      0.555309
2463      0.402752      0.543071
2464      0.429092      0.558557
2465      0.434051      0.579869
2466      0.510278      0.789782
2467      0.489995      0.996719
2468      0.493354      0.973362
2469      0      0.267498
2470      0.514046      0.829477
2471      0.498275      0.950003
2472      0.515281      0.854063
2473      0.502452      0.926439
2474      0.506997      0.878494
2475      0.506702      0.902465
2476      0.496536      0.774807
2477      0.493199      0.799796
2478      0.0230769      0.277786
2479      0.0488889      0.28979
2480      0.075      0.298845
2481      0.44454      0.654296
2482      0.411654      0.605281
2483      0.436307      0.627825
2484      0.440988      0.68047
2485      0.461661      0.717113
2486      0.482969      0.745737
2487      0.437486      0.706273
2488      0.0962963      0.312081
2489      0.12037      0.313939
2490      0.232378      0.388461
2491      0.210479      0.3554
2492      0.142857      0.334373
2493      0.181589      0.340832
2494      0.370256      0.529833
2495      0.363928      0.548998
2496      0.31297      0.467475
2497      0.326659      0.504648
2498      0.350921      0.51625
2499      0.260484      0.409172
2500      0.279442      0.45173
2501      0.369889      0.574666
2502      0.39803      0.58045
2503      0.489931      0.824271
2504      0.46782      0.98985
2505      0.471685      0.966735
2506      0      0.300935
2507      0.491433      0.848635
2508      0.473994      0.943619
2509      0.487388      0.872823
2510      0.477107      0.920302
2511      0.483419      0.896563
2512      0.47519      0.79531
2513      0.479079      0.770523
2514      0.471384      0.819561
2515      0.0244444      0.312081
2516      0.05      0.321834
2517      0.0722222      0.334373
2518      0.388575      0.623879
2519      0.423966      0.661844
2520      0.413156      0.638727
2521      0.416778      0.689153
2522      0.450749      0.735101
2523      0.454395      0.766731
2524      0.425737      0.732017
2525      0.409152      0.714927
2526      0.237607      0.425798
2527      0.119048      0.356664
2528      0.0982456      0.343172
2529      0.202546      0.384093
2530      0.214949      0.413749
2531      0.172702      0.371175
2532      0.142857      0.358256
2533      0.343621      0.542686
2534      0.349582      0.568354
2535      0.289609      0.481192
2536      0.289859      0.510532
2537      0.3115      0.529179
2538      0.247086      0.447077
2539      0.257547      0.479797
2540      0.361504      0.619691
2541      0.355543      0.594023
2542      0.333646      0.592706
2543      0.467593      0.843715
2544      0.445644      0.983578
2545      0.449236      0.960691
2546      0      0.334373
2547      0.463833      0.867678
2548      0.451276      0.937804
2549      0.460141      0.891198
2550      0.45645      0.914718
2551      0.450793      0.791333
2552      0.442269      0.810585
2553      0.443764      0.839337
2554      0.0229167      0.344822
2555      0.0470588      0.354042
2556      0.0722222      0.362237
2557      0.369571      0.645395
2558      0.390005      0.649628
2559      0.403391      0.669391
2560      0.392568      0.697837
2561      0.423187      0.757152
2562      0.427171      0.782287
2563      0.403891      0.744883
2564      0.383931      0.71833
2565      0.214731      0.442424
2566      0.119048      0.38214
2567      0.0933333      0.374497
2568      0.191869      0.431392
2569      0.183357      0.403337
2570      0.151202      0.392738
2571      0.316987      0.555539
2572      0.260125      0.512073
2573      0.290105      0.539462
2574      0.225486      0.478402
2575      0.230651      0.510093
2576      0.349137      0.641162
2577      0.328658      0.617716
2578      0.295416      0.595165
2579      0.436744      0.859762
2580      0.423466      0.977954
2581      0.426787      0.955277
2582      0      0.36781
2583      0.436871      0.886411
2584      0.428707      0.931305
2585      0.433456      0.909729
2586      0.423821      0.806974
2587      0.4205      0.831441
2588      0.417197      0.855784
2589      0.0240741      0.378956
2590      0.0481481      0.386386
2591      0.0714286      0.401247
2592      0.36414      0.671817
2593      0.33677      0.662632
2594      0.368358      0.70652
2595      0.398125      0.767973
2596      0.404279      0.792249
2597      0.382045      0.757749
2598      0.375294      0.738823
2599      0.197138      0.463718
2600      0.16879      0.449034
2601      0.122328      0.414898
2602      0.0952381      0.406024
2603      0.149418      0.423772
2604      0.290352      0.568392
2605      0.270409      0.555318
2606      0.250467      0.542245
2607      0.191578      0.507454
2608      0.214085      0.527463
2609      0.320791      0.63782
2610      0.30048      0.621938
2611      0.274178      0.600634
2612      0.413967      0.879582
2613      0.404426      0.949889
2614      0.401287      0.973019
2615      0      0.401247
2616      0.410737      0.903381
2617      0.407565      0.926759
2618      0.401739      0.812756
2619      0.397721      0.837508
2620      0.395351      0.856968
2621      0.0245614      0.411806
2622      0.047619      0.423539
2623      0.0714286      0.429908
2624      0.312923      0.657925
2625      0.340084      0.686482
2626      0.320551      0.682334
2627      0.344148      0.715204
2628      0.378732      0.785455
2629      0.360199      0.770616
2630      0.350073      0.742226
2631      0.168794      0.487198
2632      0.145711      0.466677
2633      0.11548      0.444207
2634      0.262856      0.58166
2635      0.240809      0.572416
2636      0.168835      0.521221
2637      0.213875      0.5552
2638      0.191483      0.539311
2639      0.252939      0.606104
2640      0.281899      0.638702
2641      0.267419      0.622403
2642      0.389054      0.886424
2643      0.389173      0.931969
2644      0.379106      0.968807
2645      0.38414      0.950388
2646      0      0.434684
2647      0.389114      0.909196
2648      0.376292      0.868621
2649      0.379657      0.818539
2650      0.374941      0.843575
2651      0.0238095      0.44583
2652      0.047619      0.453791
2653      0.074119      0.464735
2654      0.286968      0.669605
2655      0.358497      0.812175
2656      0.316029      0.701146
2657      0.296789      0.693523
2658      0.319617      0.724003
2659      0.348001      0.789616
2660      0.324851      0.745629
2661      0.336426      0.767623
2662      0.145902      0.500832
2663      0.098114      0.469983
2664      0.122631      0.484319
2665      0.146093      0.534988
2666      0.235256      0.594978
2667      0.213664      0.582937
2668      0.168881      0.551159
2669      0.185936      0.570739
2670      0.243022      0.630547
2671      0.262956      0.654603
2672      0.363064      0.901198
2673      0.357232      0.880274
2674      0.370782      0.937179
2675      0.356924      0.965343
2676      0      0.468122
2677      0.355004      0.918643
2678      0.3514      0.85935
2679      0.35349      0.839856
2680      0.335002      0.830232
2681      0.0238095      0.477675
2682      0.0460979      0.486575
2683      0.0694967      0.491606
2684      0.260342      0.689358
2685      0.272982      0.704734
2686      0.325754      0.81329
2687      0.294665      0.732952
2688      0.316507      0.796348
2689      0.309645      0.760079
2690      0.122822      0.518475
2691      0.099552      0.501962
2692      0.129899      0.553684
2693      0.207657      0.608297
2694      0.186519      0.593458
2695      0.158406      0.573709
2696      0.244013      0.670504
2697      0.214022      0.634892
2698      0.227684      0.651649
2699      0.339227      0.900106
2700      0.334305      0.877908
2701      0.34897      0.934322
2702      0.334742      0.962645
2703      0      0.501559
2704      0.327174      0.929474
2705      0.329382      0.85571
2706      0.31205      0.827911
2707      0.0334325      0.514909
2708      0.0648744      0.518478
2709      0.234527      0.698386
2710      0.249175      0.715944
2711      0.267917      0.730474
2712      0.294661      0.809214
2713      0.272372      0.75271
2714      0.29444      0.774529
2715      0.100964      0.533358
2716      0.0756278      0.543772
2717      0.108464      0.566246
2718      0.133919      0.585112
2719      0.185511      0.616387
2720      0.159375      0.603979
2721      0.217339      0.678305
2722      0.184502      0.639315
2723      0.200151      0.658224
2724      0.313618      0.879258
2725      0.320633      0.896739
2726      0.320193      0.945512
2727      0.312558      0.96072
2728      0      0.534996
2729      0.305397      0.928087
2730      0.306603      0.861778
2731      0.289823      0.842063
2732      0.0430555      0.552143
2733      0.225367      0.727155
2734      0.208915      0.704731
2735      0.244759      0.750852
2736      0.275823      0.792616
2737      0.272815      0.822081
2738      0.256984      0.776018
2739      0.0863812      0.569067
2740      0.0605994      0.576248
2741      0.106775      0.595633
2742      0.13223      0.6145
2743      0.152458      0.634933
2744      0.177645      0.690647
2745      0.172392      0.664853
2746      0.296306      0.892255
2747      0.290334      0.910348
2748      0.297398      0.943314
2749      0.290375      0.959567
2750      0      0.568433
2751      0.281908      0.92553
2752      0.285421      0.861603
2753      0.268711      0.842482
2754      0.247674      0.833619
2755      0.0222762      0.593205
2756      0.182898      0.71644
2757      0.219806      0.759802
2758      0.20156      0.738366
2759      0.224896      0.778743
2760      0.241596      0.799326
2761      0.0846461      0.601007
2762      0.0626995      0.610594
2763      0.105085      0.62502
2764      0.144632      0.671482
2765      0.124859      0.648251
2766      0.159845      0.727723
2767      0.132529      0.690869
2768      0.155164      0.692798
2769      0.274905      0.892178
2770      0.263054      0.90918
2771      0.274427      0.943594
2772      0.268191      0.959176
2773      0      0.601871
2774      0.258056      0.927199
2775      0.25471      0.876389
2776      0.243031      0.854641
2777      0.226628      0.835325
2778      0.233288      0.86971
2779      0.0218681      0.626978
2780      0.178144      0.749786
2781      0.198911      0.762609
2782      0.185316      0.788397
2783      0.209877      0.815597
2784      0.205294      0.796726
2785      0.157307      0.753687
2786      0.0619034      0.641335
2787      0.0829786      0.635044
2788      0.10394      0.653934
2789      0.107969      0.688498
2790      0.139059      0.732197
2791      0.120427      0.710256
2792      0.241247      0.910364
2793      0.252414      0.944057
2794      0.246009      0.959528
2795      0      0.635308
2796      0.236181      0.928502
2797      0.228336      0.890289
2798      0.191081      0.834247
2799      0.20976      0.853694
2800      0.211845      0.871873
2801      0.0216022      0.659431
2802      0.165339      0.780068
2803      0.171923      0.814301
2804      0.132117      0.772858
2805      0.0652446      0.672189
2806      0.0684068      0.706528
2807      0.0902467      0.729266
2808      0.111445      0.751336
2809      0.219479      0.906424
2810      0.229074      0.944114
2811      0.223827      0.960596
2812      0      0.668745
2813      0.21156      0.928174
2814      0.202292      0.887811
2815      0.169323      0.838328
2816      0.188035      0.85707
2817      0.150101      0.819078
2818      0.0228075      0.693444
2819      0.14153      0.793353
2820      0.108409      0.786144
2821      0.0457748      0.71459
2822      0.0677903      0.73664
2823      0.0892336      0.758116
2824      0.193453      0.911693
2825      0.201646      0.962345
2826      0.206967      0.946168
2827      0      0.702182
2828      0.192462      0.92907
2829      0.180576      0.89108
2830      0.147599      0.843619
2831      0.166372      0.861607
2832      0.12828      0.825106
2833      0.0228081      0.724038
2834      0.106535      0.813627
2835      0.0865003      0.792669
2836      0.0451014      0.745401
2837      0.0669384      0.766326
2838      0.17598      0.912503
2839      0.179467      0.964731
2840      0.184881      0.946274
2841      0      0.73562
2842      0.167476      0.929591
2843      0.155412      0.87707
2844      0.158949      0.895385
2845      0.135379      0.858837
2846      0.104271      0.840426
2847      0.0244027      0.75783
2848      0.0848169      0.820872
2849      0.0646363      0.800588
2850      0.0481895      0.77948
2851      0.149371      0.912236
2852      0.157289      0.967704
2853      0.162827      0.949689
2854      0      0.769057
2855      0.145515      0.934038
2856      0.133125      0.882978
2857      0.129185      0.906447
2858      0.112945      0.865709
2859      0.0904336      0.855742
2860      0.0242063      0.789771
2861      0.0691443      0.835335
2862      0.046971      0.814081
2863      0.135113      0.971208
2864      0.138427      0.951902
2865      0      0.802494
2866      0.123551      0.932267
2867      0.108397      0.900485
2868      0.0886046      0.882592
2869      0.0679013      0.863877
2870      0.0265678      0.823555
2871      0.0462487      0.844303
2872      0.112938      0.975179
2873      0.118884      0.95496
2874      0.0957802      0.941562
2875      0      0.835931
2876      0.0835917      0.919624
2877      0.064395      0.900404
2878      0.0514135      0.879004
2879      0.0226002      0.858559
2880      0.0907641      0.979548
2881      0.0936941      0.962847
2882      0.0729174      0.949533
2883      0      0.869369
2884      0.0619119      0.927373
2885      0.0425987      0.909279
2886      0.021915      0.889901
2887      0.0685916      0.984244
2888      0.0497218      0.944846
2889      0.0485592      0.970225
2890      0      0.902806
2891      0.0260089      0.924797
2892      0.0464198      0.989189
2893      0.0249892      0.975553
2894      0.0258277      0.954317
2895      0      0.936243
2896      0.0242487      0.994305
2897      0      0.969423
2898      0      1
