0      1.98544      0.996573
1      2      1
2      1.97212      0.993459
3      1.98735      0.985764
4      2      0.981539
5      2      0.961496
6      1.95881      0.990382
7      1.97085      0.981938
8      1.98951      0.97352
9      2      0.941309
10      1.9844      0.954487
11      1.95725      0.977426
12      1.94549      0.98736
13      2      0.921122
14      2      0.900935
15      1.96974      0.96054
16      1.98687      0.933376
17      1.96943      0.943885
18      1.94376      0.977048
19      1.95198      0.965926
20      1.93218      0.98441
21      1.98418      0.911976
22      1.98588      0.89325
23      2      0.880748
24      2      0.860561
25      2      0.840374
26      1.95556      0.954216
27      1.96909      0.922508
28      1.95505      0.937986
29      1.93896      0.961576
30      1.93033      0.973007
31      1.91886      0.98155
32      1.97233      0.905242
33      1.96831      0.884075
34      1.98667      0.86729
35      1.984      0.848449
36      1.985      0.830281
37      2      0.820187
38      2      0.8
39      1.90554      0.978795
40      1.89223      0.976163
41      1.94093      0.942167
42      1.94694      0.927726
43      1.95148      0.91255
44      1.92786      0.951288
45      1.91692      0.969418
46      1.95619      0.896824
47      1.9642      0.862472
48      1.95469      0.87714
49      1.96      0.840374
50      1.97      0.830281
51      1.97333      0.813458
52      1.98      0.8
53      1.90355      0.968259
54      1.87891      0.973668
55      1.89282      0.962789
56      1.93747      0.91395
57      1.9168      0.940786
58      1.9292      0.92504
59      1.94006      0.888412
60      1.91271      0.958028
61      1.94108      0.870205
62      1.94212      0.851392
63      1.952      0.824224
64      1.96      0.8
65      1.86559      0.971327
66      1.879      0.959147
67      1.89343      0.948951
68      1.91972      0.911389
69      1.92789      0.900014
70      1.85228      0.969154
71      1.90543      0.937714
72      1.9118      0.922406
73      1.92435      0.88022
74      1.92501      0.861941
75      1.92813      0.844295
76      1.93274      0.830823
77      1.94      0.8
78      1.93333      0.813458
79      1.8668      0.957016
80      1.88217      0.946866
81      1.89406      0.934641
82      1.91142      0.902253
83      1.91005      0.884432
84      1.85292      0.955039
85      1.83896      0.967162
86      1.82564      0.965366
87      1.86805      0.942174
88      1.89471      0.919818
89      1.89539      0.904432
90      1.90864      0.872029
91      1.91135      0.854862
92      1.91414      0.837198
93      1.91702      0.818923
94      1.92      0.8
95      1.85699      0.940396
96      1.87919      0.928441
97      1.89609      0.888543
98      1.84071      0.953227
99      1.84253      0.938768
100      1.81233      0.963776
101      1.82517      0.951593
102      1.86674      0.926807
103      1.81296      0.950148
104      1.8793      0.912149
105      1.88374      0.899212
106      1.89341      0.854243
107      1.89137      0.871053
108      1.89836      0.837198
109      1.89917      0.818923
110      1.9      0.8
111      1.85429      0.925173
112      1.88161      0.882676
113      1.82808      0.937301
114      1.83923      0.923734
115      1.79901      0.962406
116      1.81363      0.936003
117      1.86715      0.910732
118      1.80075      0.948903
119      1.8721      0.893992
120      1.87666      0.839765
121      1.87963      0.85926
122      1.87672      0.820038
123      1.88      0.8
124      1.85501      0.909316
125      1.86759      0.875705
126      1.82677      0.922512
127      1.83933      0.908068
128      1.78569      0.961265
129      1.79918      0.934885
130      1.81432      0.92129
131      1.78522      0.947866
132      1.84845      0.891793
133      1.85736      0.857861
134      1.85751      0.81982
135      1.85511      0.838858
136      1.86      0.8
137      1.85058      0.874855
138      1.82365      0.906945
139      1.83211      0.890847
140      1.77237      0.960363
141      1.78811      0.933955
142      1.79927      0.920303
143      1.80642      0.905097
144      1.77301      0.947048
145      1.83357      0.874091
146      1.83964      0.857218
147      1.84      0.8
148      1.83988      0.81982
149      1.83666      0.838468
150      1.81578      0.890012
151      1.75906      0.959709
152      1.77028      0.93322
153      1.78422      0.919482
154      1.79074      0.904386
155      1.79945      0.889293
156      1.75913      0.946454
157      1.82193      0.856639
158      1.81059      0.872835
159      1.82      0.8
160      1.81751      0.819301
161      1.81511      0.83783
162      1.74574      0.959311
163      1.76917      0.918833
164      1.75922      0.932687
165      1.77506      0.903827
166      1.78313      0.888696
167      1.79657      0.872593
168      1.74526      0.946092
169      1.79966      0.855688
170      1.8      0.8
171      1.79988      0.819301
172      1.79977      0.83783
173      1.73242      0.959175
174      1.75939      0.903419
175      1.75671      0.918455
176      1.74477      0.932363
177      1.76681      0.888224
178      1.78255      0.872352
179      1.73305      0.945969
180      1.78894      0.846557
181      1.7191      0.959307
182      1.7337      0.932253
183      1.77738      0.855039
184      1.78068      0.819178
185      1.78      0.8
186      1.77822      0.837425
187      1.71918      0.946089
188      1.75215      0.887675
189      1.74724      0.903254
190      1.74425      0.918077
191      1.76555      0.871971
192      1.71925      0.932361
193      1.7053      0.946456
194      1.70578      0.959711
195      1.7292      0.917979
196      1.75968      0.854827
197      1.76      0.8
198      1.7583      0.818967
199      1.75667      0.837167
200      1.7048      0.932689
201      1.74258      0.871528
202      1.73583      0.887607
203      1.73509      0.903089
204      1.70946      0.918365
205      1.69309      0.947072
206      1.69246      0.960391
207      1.71942      0.90317
208      1.70727      0.903505
209      1.74134      0.837167
210      1.7374      0.854661
211      1.74      0.8
212      1.74068      0.818967
213      1.69442      0.918851
214      1.69035      0.933241
215      1.7281      0.871613
216      1.71951      0.887675
217      1.67922      0.947941
218      1.67915      0.961349
219      1.70318      0.887885
220      1.69512      0.90384
221      1.66583      0.962586
222      1.6759      0.93402
223      1.72426      0.854657
224      1.7229      0.837138
225      1.72      0.8
226      1.71831      0.819009
227      1.67418      0.919537
228      1.67945      0.904432
229      1.71362      0.871698
230      1.66534      0.949063
231      1.69662      0.87198
232      1.68686      0.888236
233      1.65147      0.950437
234      1.65251      0.964102
235      1.66484      0.935024
236      1.71281      0.845971
237      1.66377      0.905197
238      1.70135      0.837285
239      1.7      0.8
240      1.70069      0.819009
241      1.65913      0.920422
242      1.6632      0.889374
243      1.69741      0.855042
244      1.65039      0.936255
245      1.6826      0.872181
246      1.66859      0.872381
247      1.63926      0.952063
248      1.63919      0.965895
249      1.64809      0.906134
250      1.68291      0.837396
251      1.68      0.8
252      1.6799      0.819184
253      1.6394      0.922789
254      1.64687      0.89016
255      1.65411      0.87333
256      1.67971      0.855344
257      1.63593      0.937711
258      1.662      0.855734
259      1.62487      0.939391
260      1.62538      0.953938
261      1.62587      0.967964
262      1.63594      0.907326
263      1.66446      0.837598
264      1.66      0.8
265      1.66069      0.819315
266      1.62435      0.924268
267      1.63964      0.87428
268      1.63054      0.891088
269      1.64885      0.855734
270      1.61042      0.941289
271      1.60983      0.956059
272      1.61256      0.970304
273      1.62379      0.908518
274      1.59924      0.972911
275      1.63981      0.838557
276      1.64      0.8
277      1.64148      0.819476
278      1.60407      0.92594
279      1.60811      0.909961
280      1.63543      0.856581
281      1.62263      0.875143
282      1.6142      0.892159
283      1.59596      0.943406
284      1.59763      0.958423
285      1.58592      0.975779
286      1.58547      0.962392
287      1.58402      0.91943
288      1.59241      0.911572
289      1.62446      0.838557
290      1.6207      0.819885
291      1.62      0.8
292      1.58452      0.934243
293      1.59785      0.893368
294      1.62201      0.857427
295      1.60859      0.875629
296      1.5819      0.94855
297      1.57164      0.96525
298      1.5726      0.978902
299      1.56856      0.921468
300      1.5835      0.904066
301      1.54597      0.985877
302      1.55929      0.982271
303      1.56754      0.951138
304      1.59455      0.876116
305      1.60601      0.838993
306      1.60306      0.819885
307      1.6      0.8
308      1.56489      0.93656
309      1.58297      0.88821
310      1.60428      0.858098
311      1.55781      0.968333
312      1.55929      0.905825
313      1.55309      0.923668
314      1.56632      0.889685
315      1.53168      0.975141
316      1.54398      0.971633
317      1.53265      0.98971
318      1.55318      0.953931
319      1.58242      0.871737
320      1.58656      0.858984
321      1.58755      0.839487
322      1.58227      0.820409
323      1.58      0.8
324      1.54997      0.939058
325      1.56514      0.872923
326      1.54192      0.956922
327      1.54322      0.90772
328      1.553      0.89048
329      1.53761      0.926023
330      1.51657      0.980117
331      1.51657      0.966065
332      1.53068      0.9601
333      1.51934      0.993759
334      1.56391      0.855519
335      1.57573      0.847503
336      1.56265      0.837625
337      1.56278      0.81883
338      1.56      0.8
339      1.52964      0.94458
340      1.55012      0.855519
341      1.54785      0.874204
342      1.52632      0.894793
343      1.53967      0.891275
344      1.52746      0.911915
345      1.52212      0.928527
346      1.50229      0.969657
347      1.50277      0.984043
348      1.51513      0.951594
349      1.50602      0.998013
350      1.4927      1.00246
351      1.54405      0.838271
352      1.54206      0.819455
353      1.54      0.8
354      1.50775      0.936697
355      1.53056      0.875575
356      1.52391      0.858621
357      1.51688      0.883743
358      1.50915      0.89463
359      1.51444      0.908716
360      1.51211      0.921366
361      1.49599      0.954848
362      1.48556      0.958249
363      1.48801      0.973411
364      1.49039      0.988145
365      1.47801      0.992413
366      1.47939      1.00708
367      1.52544      0.838964
368      1.52277      0.819803
369      1.52      0.8
370      1.49245      0.939608
371      1.49628      0.923931
372      1.50723      0.872442
373      1.51009      0.858621
374      1.49809      0.889128
375      1.50142      0.905517
376      1.47515      0.961792
377      1.47365      0.945824
378      1.4766      0.977319
379      1.46262      0.98379
380      1.46306      0.998016
381      1.46607      1.01187
382      1.45276      1.0168
383      1.50371      0.837187
384      1.50188      0.818853
385      1.5      0.8
386      1.48045      0.926612
387      1.47776      0.909946
388      1.48971      0.873932
389      1.49117      0.855039
390      1.48114      0.890981
391      1.45897      0.95419
392      1.46082      0.969184
393      1.45708      0.938801
394      1.46877      0.932707
395      1.44841      0.988026
396      1.4493      1.0026
397      1.43685      1.00732
398      1.43944      1.02187
399      1.48499      0.837941
400      1.48253      0.819231
401      1.48      0.8
402      1.46137      0.912357
403      1.46889      0.894945
404      1.47305      0.856165
405      1.47219      0.875496
406      1.44144      0.94188
407      1.44382      0.957651
408      1.44211      0.973062
409      1.45512      0.92291
410      1.43147      0.977052
411      1.4342      0.992381
412      1.42332      1.01322
413      1.42265      0.996838
414      1.42613      1.02706
415      1.3995      1.0377
416      1.41281      1.03234
417      1.46102      0.864573
418      1.4637      0.839557
419      1.46317      0.819629
420      1.46      0.8
421      1.45108      0.890042
422      1.44323      0.906806
423      1.44898      0.872981
424      1.43058      0.925687
425      1.42926      0.94516
426      1.42868      0.961324
427      1.41749      0.98456
428      1.41447      0.969695
429      1.40629      1.00366
430      1.41081      1.01817
431      1.40292      0.988813
432      1.38355      1.02927
433      1.39708      1.02319
434      1.38618      1.04313
435      1.44683      0.85548
436      1.44752      0.839557
437      1.44381      0.820043
438      1.44      0.8
439      1.43587      0.872981
440      1.43391      0.892054
441      1.41985      0.911673
442      1.41513      0.931469
443      1.41708      0.948441
444      1.39946      0.97359
445      1.4023      0.957878
446      1.39462      1.00834
447      1.38834      0.993138
448      1.38444      0.977554
449      1.36908      1.01994
450      1.37099      1.03443
451      1.38086      1.01511
452      1.37287      1.04861
453      1.43206      0.85548
454      1.42281      0.865874
455      1.35955      1.05411
456      1.42577      0.838201
457      1.42411      0.818899
458      1.42      0.8
459      1.41356      0.876267
460      1.41107      0.89625
461      1.40495      0.92284
462      1.40164      0.906529
463      1.40006      0.942032
464      1.38683      0.961475
465      1.37811      1.00063
466      1.3753      0.985846
467      1.37494      0.96795
468      1.35499      1.0248
469      1.36359      1.005
470      1.35615      1.03961
471      1.40682      0.859266
472      1.3436      1.04481
473      1.34624      1.05962
474      1.33292      1.06512
475      1.3491      1.00953
476      1.4093      0.838201
477      1.40351      0.819737
478      1.4      0.8
479      1.39297      0.891854
480      1.39476      0.872635
481      1.38856      0.925632
482      1.38476      0.908942
483      1.37636      0.945258
484      1.36949      0.955255
485      1.3604      0.989973
486      1.36306      0.974425
487      1.33815      1.01421
488      1.3409      1.02968
489      1.34787      0.994194
490      1.39121      0.855196
491      1.3272      1.03648
492      1.33009      1.05094
493      1.31642      1.05613
494      1.31961      1.07059
495      1.33534      0.998415
496      1.30629      1.07602
497      1.38536      0.837969
498      1.3827      0.819151
499      1.38      0.8
500      1.37262      0.875937
501      1.37561      0.893923
502      1.37283      0.856432
503      1.37216      0.928479
504      1.36788      0.911402
505      1.36333      0.943876
506      1.35375      0.958729
507      1.34775      0.978272
508      1.32124      1.0066
509      1.32424      1.02162
510      1.33244      0.982139
511      1.30985      1.02633
512      1.31533      1.04138
513      1.3013      1.04624
514      1.30296      1.06214
515      1.32051      0.98868
516      1.29031      1.06724
517      1.29298      1.08137
518      1.26634      1.09182
519      1.27966      1.08665
520      1.36645      0.838817
521      1.36325      0.819577
522      1.36      0.8
523      1.3538      0.872678
524      1.3571      0.890026
525      1.34745      0.856341
526      1.35667      0.92611
527      1.35443      0.909128
528      1.3503      0.942494
529      1.33802      0.962228
530      1.30857      0.99522
531      1.30647      1.01097
532      1.31504      0.975553
533      1.32653      0.96889
534      1.29259      1.01896
535      1.29872      1.03089
536      1.28485      1.03819
537      1.28761      1.05285
538      1.27767      1.07227
539      1.27564      1.05762
540      1.25052      1.08284
541      1.25303      1.09686
542      1.26402      1.0772
543      1.23971      1.10177
544      1.34006      0.928886
545      1.29947      0.979201
546      1.34501      0.837929
547      1.34355      0.818678
548      1.34      0.8
549      1.33957      0.892028
550      1.3358      0.874293
551      1.33198      0.856343
552      1.33736      0.911529
553      1.3265      0.948787
554      1.2934      0.999175
555      1.31517      0.955856
556      1.30385      0.962924
557      1.28203      1.02325
558      1.28495      1.00962
559      1.27051      1.0427
560      1.27148      1.0275
561      1.26166      1.06231
562      1.25677      1.04969
563      1.2369      1.08754
564      1.23594      1.07307
565      1.24798      1.06858
566      1.2264      1.10652
567      1.22344      1.09285
568      1.32345      0.931682
569      1.28788      0.96624
570      1.2853      0.988604
571      1.3229      0.866956
572      1.32029      0.913948
573      1.32603      0.838761
574      1.32406      0.819091
575      1.32      0.8
576      1.32204      0.894051
577      1.31381      0.877569
578      1.31048      0.858827
579      1.30859      0.943227
580      1.27731      1.00028
581      1.28502      0.949192
582      1.26933      1.01196
583      1.25679      1.03167
584      1.25429      1.0159
585      1.24539      1.05407
586      1.24275      1.0393
587      1.22199      1.07742
588      1.234      1.05834
589      1.21973      1.06248
590      1.21308      1.1111
591      1.21072      1.09726
592      1.20832      1.0832
593      1.31163      0.923967
594      1.27019      0.960334
595      1.27326      0.976655
596      1.30737      0.907268
597      1.18645      1.11967
598      1.17313      1.12364
599      1.19977      1.11549
600      1.29792      0.918263
601      1.30908      0.838762
602      1.30457      0.81951
603      1.3      0.8
604      1.29841      0.892232
605      1.29861      0.87294
606      1.29126      0.856405
607      1.28847      0.929258
608      1.26079      0.996003
609      1.2739      0.94117
610      1.24005      1.02423
611      1.23728      1.00869
612      1.24904      1.00234
613      1.22815      1.04335
614      1.22757      1.02798
615      1.20588      1.06892
616      1.2034      1.05435
617      1.21427      1.05051
618      1.198      1.10148
619      1.19621      1.08725
620      1.19168      1.07279
621      1.26031      0.94676
622      1.25401      0.963422
623      1.25747      0.980045
624      1.28878      0.903186
625      1.18439      1.10551
626      1.1709      1.11005
627      1.15815      1.11365
628      1.15982      1.12737
629      1.27914      0.914141
630      1.13318      1.13407
631      1.1465      1.13085
632      1.28758      0.837996
633      1.28477      0.818687
634      1.28      0.8
635      1.27675      0.876062
636      1.27612      0.896097
637      1.26986      0.858777
638      1.26392      0.927073
639      1.24313      0.989702
640      1.22203      1.01241
641      1.23101      0.993096
642      1.21508      1.03174
643      1.21015      1.01837
644      1.19253      1.05805
645      1.20285      1.03736
646      1.19063      1.04297
647      1.1823      1.09112
648      1.18018      1.0765
649      1.17801      1.06158
650      1.24096      0.931971
651      1.24374      0.949502
652      1.24283      0.970278
653      1.17018      1.0948
654      1.15646      1.09974
655      1.14456      1.11702
656      1.14258      1.10299
657      1.26072      0.91003
658      1.13096      1.12014
659      1.11986      1.13702
660      1.11821      1.123
661      1.2649      0.885176
662      1.10655      1.1397
663      1.22873      0.960837
664      1.26664      0.839596
665      1.26429      0.819489
666      1.26      0.8
667      1.25407      0.874754
668      1.25305      0.89429
669      1.24797      0.857622
670      1.24335      0.912171
671      1.23164      0.977134
672      1.20456      1.00572
673      1.21888      0.99649
674      1.19828      1.02434
675      1.17809      1.04624
676      1.18591      1.02757
677      1.16634      1.08228
678      1.16399      1.06795
679      1.16555      1.04952
680      1.23033      0.921154
681      1.22579      0.944373
682      1.15474      1.08563
683      1.14313      1.08876
684      1.13039      1.10601
685      1.12897      1.09166
686      1.11652      1.10877
687      1.1055      1.12626
688      1.10443      1.11266
689      1.09192      1.12857
690      1.09323      1.14207
691      1.21238      0.963623
692      1.06659      1.14593
693      1.07991      1.14415
694      1.24537      0.838846
695      1.2445      0.818722
696      1.24      0.8
697      1.23233      0.877668
698      1.23962      0.89429
699      1.23199      0.857622
700      1.21971      0.910338
701      1.20773      0.98317
702      1.19298      0.99327
703      1.19237      1.00888
704      1.17354      1.03081
705      1.18017      1.01204
706      1.15298      1.07116
707      1.15119      1.05644
708      1.15917      1.03858
709      1.21706      0.929606
710      1.20907      0.946892
711      1.13853      1.07415
712      1.11481      1.09432
713      1.12409      1.07693
714      1.10095      1.09883
715      1.09059      1.1149
716      1.07833      1.11686
717      1.07913      1.13059
718      1.19431      0.958375
719      1.20131      0.970445
720      1.06555      1.13231
721      1.05275      1.13373
722      1.05327      1.14739
723      1.03996      1.14853
724      1.22102      0.866947
725      1.11306      1.07949
726      1.08924      1.10099
727      1.19995      0.931789
728      1.22629      0.839591
729      1.22315      0.819854
730      1.22      0.8
731      1.21655      0.892638
732      1.21004      0.876272
733      1.20758      0.857579
734      1.20222      0.912285
735      1.19025      0.977267
736      1.17716      0.996147
737      1.1623      1.01785
738      1.16064      1.00158
739      1.14077      1.0593
740      1.13956      1.04421
741      1.14752      1.02626
742      1.18461      0.944234
743      1.12602      1.06196
744      1.099      1.08465
745      1.11128      1.06441
746      1.08785      1.08674
747      1.07752      1.10289
748      1.06449      1.11853
749      1.06341      1.1045
750      1.1806      0.963397
751      1.05222      1.11991
752      1.03996      1.12098
753      1.03996      1.13484
754      1.02638      1.13564
755      1.02664      1.14934
756      1.10112      1.07027
757      1.07669      1.08856
758      1.18715      0.925317
759      1.20682      0.838165
760      1.20256      0.819448
761      1.2      0.8
762      1.19451      0.895887
763      1.19174      0.877581
764      1.19139      0.857579
765      1.18816      0.912085
766      1.16652      0.982499
767      1.14885      1.00734
768      1.15159      0.992433
769      1.12451      1.04674
770      1.13216      1.02883
771      1.13707      1.0131
772      1.1731      0.928248
773      1.16774      0.946443
774      1.10946      1.04907
775      1.08645      1.07228
776      1.09503      1.05566
777      1.07585      1.07403
778      1.0623      1.09012
779      1.05169      1.10584
780      1.05114      1.09141
781      1.16408      0.965743
782      1.02611      1.12176
783      1.03757      1.10688
784      1.01358      1.13611
785      1.01332      1.14984
786      1.06118      1.07553
787      1.1741      0.911884
788      1      1.15
789      1.18598      0.839526
790      1.183      0.819787
791      1.18      0.8
792      1.17579      0.892556
793      1.17595      0.873609
794      1.16723      0.857378
795      1.14898      0.976498
796      1.13579      0.997099
797      1.11681      1.03122
798      1.12139      1.01535
799      1.15906      0.931178
800      1.1565      0.913532
801      1.15542      0.950586
802      1.09881      1.04068
803      1.075      1.05926
804      1.08458      1.04988
805      1.06004      1.06069
806      1.05058      1.07677
807      1.03674      1.09241
808      1.03996      1.07774
809      1.14631      0.96027
810      1.02584      1.10763
811      1.01412      1.10808
812      1.01227      1.12222
813      1.02557      1.09314
814      1      1.13627
815      0.986681      1.14984
816      1.1635      0.884848
817      1      1.12238
818      1.10572      1.01743
819      1.12541      0.98082
820      1.1665      0.838117
821      1.16244      0.819364
822      1.16      0.8
823      1.1499      0.896725
824      1.15121      0.87714
825      1.14605      0.859068
826      1.15566      0.84863
827      1.13316      0.964251
828      1.11171      0.999202
829      1.09762      1.02547
830      1.13771      0.945587
831      1.14082      0.926818
832      1.13799      0.909594
833      1.08207      1.0272
834      1.05887      1.04547
835      1.07412      1.0441
836      1.04754      1.06174
837      1.02529      1.07844
838      1.03505      1.0628
839      1.01439      1.09357
840      1      1.10823
841      1      1.09372
842      0.986419      1.13611
843      0.973363      1.14934
844      0.986154      1.12222
845      1.09641      1.01001
846      1.11649      0.966041
847      1.1091      0.98277
848      0.946725      1.14739
849      0.960044      1.14853
850      1.09675      0.980445
851      1.14408      0.839883
852      1.14367      0.819364
853      1.14      0.8
854      1.13135      0.893335
855      1.12611      0.876319
856      1.12923      0.856194
857      1.12071      0.947321
858      1.09518      0.994219
859      1.08056      1.01164
860      1.12605      0.920224
861      1.06408      1.0143
862      1.06438      1.03001
863      1.04883      1.03108
864      1.03997      1.04748
865      1.01062      1.07886
866      1.01496      1.06387
867      1.02471      1.04812
868      0.985884      1.10808
869      0.985607      1.09357
870      1      1.07899
871      0.973623      1.13564
872      0.973887      1.12176
873      1.10371      0.948939
874      1.09264      0.96174
875      0.960042      1.13484
876      0.933407      1.14593
877      0.947247      1.13373
878      1.08441      0.97812
879      0.920089      1.14415
880      1.12467      0.8384
881      1.12156      0.819443
882      1.12      0.8
883      1.11328      0.894477
884      1.11129      0.91363
885      1.1081      0.857652
886      1.10767      0.877193
887      1.11306      0.931506
888      1.0714      0.997078
889      1.04823      1.01531
890      1.05524      0.998221
891      1.03237      1.0161
892      1.03328      1.03192
893      1      1.064
894      1.00946      1.0485
895      1.01555      1.03289
896      0.974155      1.10763
897      0.974431      1.09314
898      0.985326      1.07886
899      0.961621      1.12098
900      1.09571      0.932846
901      1.09134      0.945084
902      1.07584      0.963041
903      0.934454      1.13231
904      0.947775      1.11991
905      1.07046      0.980768
906      0.920874      1.13059
907      0.906771      1.14207
908      1      1.03301
909      1.10547      0.838886
910      1.10195      0.81967
911      1.1      0.8
912      1.09521      0.895544
913      1.09809      0.91363
914      1.08697      0.858928
915      1.08923      0.878
916      1.05398      0.981829
917      1.03997      0.999906
918      1.03998      0.983394
919      1.01586      1.01701
920      1.02381      1.00044
921      0.997103      1.0485
922      0.985039      1.06387
923      1.0038      1.01701
924      0.960039      1.10688
925      0.963257      1.09241
926      0.97471      1.07843
927      1.08328      0.922271
928      1.07943      0.937587
929      1.0527      0.965155
930      1.06282      0.948185
931      0.935513      1.11853
932      0.948313      1.10584
933      0.908083      1.12857
934      0.921668      1.11686
935      0.893453      1.1397
936      0.987791      1.03276
937      0.991738      1.01702
938      0.964097      1.07774
939      1.08626      0.83934
940      1.08149      0.819118
941      1.08      0.8
942      1.07851      0.895365
943      1.07422      0.867837
944      1.0748      0.848494
945      1.07636      0.881601
946      1.03998      0.966594
947      1.02349      0.983893
948      1.00764      1.00076
949      0.984746      1.0485
950      0.974849      1.05565
951      0.964953      1.0628
952      0.948864      1.09141
953      1.07085      0.911697
954      1.06753      0.930091
955      1.04569      0.948918
956      1.05006      0.930881
957      0.934196      1.1045
958      0.894503      1.12626
959      0.909411      1.1149
960      0.922476      1.10289
961      0.880135      1.13702
962      0.975582      1.03252
963      0.975883      1.01667
964      0.983834      1.00076
965      0.995423      0.992477
966      0.949424      1.07677
967      1.06075      0.839106
968      1.06037      0.819553
969      1.06      0.8
970      1.06181      0.895186
971      1.06334      0.857648
972      1.06146      0.876746
973      1.02285      0.949913
974      1.0168      0.967323
975      1.00701      0.984191
976      0.96583      1.04748
977      0.949993      1.06187
978      0.934471      1.09012
979      0.938818      1.07553
980      1.05542      0.912956
981      1.03158      0.940778
982      1.03578      0.927496
983      1.03999      0.914214
984      0.895566      1.11266
985      0.881794      1.123
986      0.910761      1.10099
987      0.923305      1.08856
988      0.866818      1.13407
989      0.963828      1.01599
990      0.960029      1.03192
991      0.968554      0.999906
992      0.983518      0.984191
993      0.8535      1.13085
994      0.951773      1.01531
995      1.03999      0.858553
996      1.0415      0.839314
997      1.04075      0.819657
998      1.04      0.8
999      1.04366      0.895673
1000      1.0459      0.876746
1001      1.00572      0.950163
1002      1.01747      0.932638
1003      1      0.967415
1004      0.950577      1.0466
1005      0.937497      1.06056
1006      0.924146      1.07403
1007      1.02654      0.914214
1008      0.896647      1.09883
1009      0.883477      1.10877
1010      0.869036      1.12014
1011      0.912146      1.08674
1012      0.900996      1.08465
1013      0.952389      0.999166
1014      0.942318      1.03001
1015      0.953018      0.982706
1016      0.969499      0.983394
1017      0.983196      0.967329
1018      0.855444      1.11702
1019      0.840183      1.12737
1020      0.939723      1.01419
1021      1.03108      0.886744
1022      0.970461      0.966594
1023      1.02112      0.858895
1024      1.01851      0.877815
1025      1.01924      0.839665
1026      1.02113      0.819738
1027      1.02      0.8
1028      1.02183      0.896338
1029      1      0.932712
1030      0.991434      0.950035
1031      1.00437      0.914739
1032      0.935322      1.04547
1033      0.925001      1.05926
1034      0.913551      1.07228
1035      0.885186      1.09432
1036      0.869605      1.10601
1037      0.898878      1.07027
1038      0.886941      1.07949
1039      0.936222      0.998221
1040      0.926631      1.03634
1041      0.927673      1.01307
1042      0.953658      0.965962
1043      0.936535      0.981829
1044      0.977152      0.949907
1045      0.857415      1.10299
1046      0.841852      1.11365
1047      0.826867      1.12364
1048      0.96288      0.949046
1049      1.00225      0.858999
1050      0.997033      0.877928
1051      1.00367      0.896504
1052      0.999245      0.819832
1053      1      0.839689
1054      1      0.8
1055      0.986901      0.919089
1056      0.982533      0.932644
1057      0.991269      0.905535
1058      0.916443      1.0425
1059      0.91251      1.05746
1060      0.87103      1.09166
1061      0.875914      1.07693
1062      0.888725      1.06441
1063      0.90002      1.05566
1064      0.920985      0.995744
1065      0.91793      1.0272
1066      0.91563      1.01154
1067      0.936852      0.965155
1068      0.948608      0.948185
1069      0.92256      0.979529
1070      0.960017      0.932047
1071      0.856872      1.08876
1072      0.843543      1.09974
1073      0.828331      1.10933
1074      0.81355      1.11967
1075      0.976647      0.858553
1076      0.988324      0.849121
1077      0.981488      0.877928
1078      0.97817      0.89633
1079      0.98      0.8
1080      0.979624      0.819797
1081      0.97774      0.839477
1082      0.97346      0.914214
1083      0.901191      1.04068
1084      0.861469      1.07415
1085      0.87398      1.06196
1086      0.890539      1.04907
1087      0.904822      0.994219
1088      0.90238      1.02547
1089      0.903588      1.01001
1090      0.924162      0.963041
1091      0.931478      0.947299
1092      0.946245      0.931069
1093      0.90608      0.978115
1094      0.955653      0.913765
1095      0.84526      1.08563
1096      0.83136      1.09627
1097      0.815608      1.10551
1098      0.800234      1.11549
1099      0.967611      0.886737
1100      0.894282      1.01743
1101      0.960005      0.839477
1102      0.95554      0.858013
1103      0.957052      0.877143
1104      0.952683      0.895186
1105      0.96      0.8
1106      0.959249      0.819657
1107      0.883191      1.03122
1108      0.863556      1.0593
1109      0.84702      1.07115
1110      0.875492      1.04674
1111      0.890904      0.98277
1112      0.888288      0.999202
1113      0.908662      0.945084
1114      0.900164      0.967699
1115      0.920568      0.937587
1116      0.932474      0.930091
1117      0.937843      0.913193
1118      0.833656      1.08228
1119      0.817698      1.09112
1120      0.802888      1.10148
1121      0.786918      1.1111
1122      0.87861      1.01535
1123      0.938186      0.895186
1124      0.914566      0.92172
1125      0.939255      0.839106
1126      0.938894      0.858013
1127      0.935588      0.876266
1128      0.94      0.8
1129      0.938876      0.819428
1130      0.861672      1.02883
1131      0.84881      1.05644
1132      0.86044      1.04421
1133      0.832876      1.06494
1134      0.878211      0.981795
1135      0.883508      0.966041
1136      0.872299      0.997099
1137      0.904286      0.932846
1138      0.89629      0.948939
1139      0.924846      0.910593
1140      0.819823      1.0765
1141      0.805583      1.08725
1142      0.78928      1.09726
1143      0.773602      1.10652
1144      0.862932      1.0131
1145      0.92448      0.886593
1146      0.901911      0.91363
1147      0.746971      1.09686
1148      0.760286      1.10177
1149      0.865517      0.98082
1150      0.92741      0.847924
1151      0.913737      0.83934
1152      0.917648      0.81988
1153      0.915566      0.856742
1154      0.910774      0.878
1155      0.92      0.8
1156      0.84825      1.03902
1157      0.849684      1.02334
1158      0.8384      1.05338
1159      0.821991      1.06158
1160      0.866844      0.964251
1161      0.879295      0.947321
1162      0.856303      0.994836
1163      0.886938      0.931506
1164      0.90479      0.895544
1165      0.805615      1.07279
1166      0.791678      1.0832
1167      0.776562      1.09285
1168      0.845835      1.0081
1169      0.888714      0.91363
1170      0.763102      1.08754
1171      0.749475      1.08284
1172      0.733655      1.09182
1173      0.85416      0.974402
1174      0.72034      1.08665
1175      0.896092      0.83934
1176      0.898046      0.81967
1177      0.9      0.8
1178      0.891897      0.857652
1179      0.892333      0.877193
1180      0.836061      1.03382
1181      0.837697      1.01785
1182      0.824208      1.04633
1183      0.811116      1.05805
1184      0.853688      0.96027
1185      0.862318      0.945383
1186      0.873059      0.929162
1187      0.841066      0.984945
1188      0.886722      0.894477
1189      0.794116      1.06892
1190      0.779568      1.07898
1191      0.831093      0.998938
1192      0.87536      0.911612
1193      0.764063      1.07307
1194      0.736794      1.07801
1195      0.752023      1.06858
1196      0.842802      0.967984
1197      0.722329      1.07227
1198      0.707025      1.08137
1199      0.878443      0.819443
1200      0.87378      0.837889
1201      0.88      0.8
1202      0.870774      0.856194
1203      0.879841      0.866025
1204      0.867786      0.874399
1205      0.872433      0.894477
1206      0.816875      1.02764
1207      0.819831      1.01204
1208      0.809374      1.04297
1209      0.796601      1.05435
1210      0.838414      0.94856
1211      0.846386      0.93298
1212      0.85918      0.926818
1213      0.825913      0.979936
1214      0.780268      1.06248
1215      0.81906      0.996096
1216      0.862007      0.909594
1217      0.766002      1.05834
1218      0.739985      1.06397
1219      0.754614      1.05407
1220      0.819412      0.963336
1221      0.709685      1.06724
1222      0.724356      1.05762
1223      0.69371      1.07602
1224      0.785735      1.05051
1225      0.856332      0.819364
1226      0.86      0.8
1227      0.854287      0.839317
1228      0.853953      0.859068
1229      0.851991      0.878231
1230      0.846139      0.895392
1231      0.807634      1.00888
1232      0.801723      1.02433
1233      0.788915      1.03583
1234      0.830887      0.938609
1235      0.815389      0.944238
1236      0.825829      0.918601
1237      0.838805      0.911884
1238      0.809786      0.977076
1239      0.771847      1.04335
1240      0.807026      0.993253
1241      0.740751      1.04713
1242      0.757253      1.0393
1243      0.805693      0.958375
1244      0.697042      1.06214
1245      0.712395      1.05285
1246      0.72642      1.0427
1247      0.680395      1.07059
1248      0.798704      0.970349
1249      0.66708      1.06512
1250      0.783442      1.02412
1251      0.797392      0.949355
1252      0.835939      0.818745
1253      0.84      0.8
1254      0.843724      0.848593
1255      0.833496      0.838118
1256      0.839977      0.866898
1257      0.835097      0.8845
1258      0.824207      0.892559
1259      0.795438      1.00572
1260      0.76999      1.02804
1261      0.812854      0.925317
1262      0.800051      0.931789
1263      0.816516      0.908412
1264      0.792274      0.98317
1265      0.746536      1.03516
1266      0.757853      1.02195
1267      0.787623      0.963623
1268      0.682512      1.05613
1269      0.700435      1.04801
1270      0.715155      1.03819
1271      0.728524      1.0275
1272      0.653765      1.05962
1273      0.66991      1.05094
1274      0.777969      1.01241
1275      0.780669      0.946892
1276      0.805486      0.895887
1277      0.816152      0.819448
1278      0.82      0.8
1279      0.827964      0.855565
1280      0.814017      0.839526
1281      0.824055      0.873609
1282      0.808257      0.877581
1283      0.774141      0.99649
1284      0.762694      1.00884
1285      0.797781      0.912285
1286      0.777247      0.927371
1287      0.776287      0.980188
1288      0.745717      1.01587
1289      0.77127      0.960832
1290      0.68683      1.04138
1291      0.701277      1.03089
1292      0.717967      1.02325
1293      0.730673      1.01196
1294      0.64045      1.05411
1295      0.656403      1.04481
1296      0.672796      1.03648
1297      0.767762      0.941796
1298      0.787593      0.894279
1299      0.764924      0.973329
1300      0.760362      0.953796
1301      0.75095      1.00242
1302      0.8      0.8
1303      0.796588      0.819102
1304      0.808606      0.857579
1305      0.794887      0.838852
1306      0.786614      0.874936
1307      0.756853      0.989781
1308      0.775367      0.908348
1309      0.761849      0.914289
1310      0.753039      0.929538
1311      0.739206      0.996003
1312      0.753562      0.966469
1313      0.690145      1.02633
1314      0.707414      1.01896
1315      0.715051      1.00962
1316      0.722688      1.00028
1317      0.642706      1.03961
1318      0.627135      1.04861
1319      0.660921      1.03157
1320      0.67574      1.02173
1321      0.749455      0.94676
1322      0.775865      0.885249
1323      0.78      0.8
1324      0.776847      0.819855
1325      0.787374      0.855534
1326      0.773712      0.839592
1327      0.764136      0.876219
1328      0.768007      0.857622
1329      0.735089      0.980045
1330      0.764741      0.896079
1331      0.74448      0.912171
1332      0.736076      0.927073
1333      0.737389      0.963422
1334      0.689121      1.01097
1335      0.706597      0.999175
1336      0.714703      0.988604
1337      0.647319      1.0248
1338      0.62901      1.03443
1339      0.61382      1.04313
1340      0.664607      1.01712
1341      0.678744      1.00668
1342      0.732893      0.943977
1343      0.76      0.8
1344      0.757305      0.81948
1345      0.751032      0.837339
1346      0.752028      0.857622
1347      0.749454      0.876219
1348      0.718396      0.973229
1349      0.742588      0.892483
1350      0.729921      0.912011
1351      0.717879      0.9319
1352      0.726184      0.956307
1353      0.694211      0.99521
1354      0.700526      0.979201
1355      0.630925      1.01994
1356      0.650865      1.00967
1357      0.616453      1.02927
1358      0.600505      1.0377
1359      0.668367      1.00238
1360      0.681826      0.991245
1361      0.714979      0.949192
1362      0.663295      0.990328
1363      0.74      0.8
1364      0.736664      0.819892
1365      0.731454      0.838794
1366      0.738384      0.866904
1367      0.727314      0.85759
1368      0.726981      0.877626
1369      0.704112      0.962924
1370      0.719258      0.894163
1371      0.715362      0.91185
1372      0.701081      0.929258
1373      0.684959      0.975548
1374      0.636379      1.00514
1375      0.619143      1.01511
1376      0.649774      0.994203
1377      0.604137      1.02319
1378      0.58719      1.03234
1379      0.691412      0.943222
1380      0.658222      0.978272
1381      0.688373      0.923967
1382      0.72      0.8
1383      0.717147      0.819489
1384      0.712416      0.837995
1385      0.708867      0.876062
1386      0.705911      0.855222
1387      0.680132      0.95627
1388      0.70159      0.892229
1389      0.692633      0.907268
1390      0.670483      0.965747
1391      0.621892      1.00063
1392      0.637237      0.990024
1393      0.607854      1.00834
1394      0.642909      0.974425
1395      0.589191      1.01817
1396      0.573874      1.02706
1397      0.674964      0.942578
1398      0.658365      0.962235
1399      0.669796      0.928886
1400      0.679707      0.913952
1401      0.7      0.8
1402      0.695428      0.819509
1403      0.690916      0.838761
1404      0.689523      0.858829
1405      0.682208      0.875922
1406      0.657334      0.945628
1407      0.67796      0.894048
1408      0.60791      0.993138
1409      0.624701      0.985846
1410      0.593708      1.00366
1411      0.646248      0.958724
1412      0.627595      0.970608
1413      0.575591      1.01214
1414      0.560559      1.02187
1415      0.653183      0.92611
1416      0.662641      0.911529
1417      0.662897      0.893038
1418      0.68      0.8
1419      0.675941      0.819091
1420      0.671935      0.837929
1421      0.671038      0.857578
1422      0.664203      0.87429
1423      0.633527      0.93938
1424      0.610499      0.977554
1425      0.597083      0.988813
1426      0.577351      0.996838
1427      0.630511      0.955255
1428      0.619584      0.961475
1429      0.563146      1.00732
1430      0.547244      1.0168
1431      0.636569      0.923361
1432      0.639724      0.906753
1433      0.647834      0.892028
1434      0.66      0.8
1435      0.6551      0.819577
1436      0.654986      0.83793
1437      0.652552      0.856343
1438      0.640994      0.875937
1439      0.615865      0.945258
1440      0.618653      0.928479
1441      0.595486      0.97359
1442      0.604115      0.957878
1443      0.579158      0.981136
1444      0.565802      0.992381
1445      0.550699      1.0026
1446      0.533928      1.01187
1447      0.62149      0.911402
1448      0.633478      0.891941
1449      0.64      0.8
1450      0.635647      0.819151
1451      0.63137      0.837969
1452      0.630414      0.857694
1453      0.623119      0.874269
1454      0.599943      0.942032
1455      0.602259      0.925632
1456      0.583404      0.967457
1457      0.588645      0.954345
1458      0.568527      0.977052
1459      0.554247      0.988026
1460      0.535633      0.998016
1461      0.520612      1.00708
1462      0.604616      0.908942
1463      0.619122      0.891854
1464      0.62      0.8
1465      0.617296      0.819151
1466      0.612031      0.856432
1467      0.612455      0.837139
1468      0.609512      0.874269
1469      0.584873      0.931469
1470      0.586859      0.91421
1471      0.571322      0.961324
1472      0.577061      0.948112
1473      0.557888      0.973062
1474      0.540034      0.98379
1475      0.523403      0.992413
1476      0.507297      1.00246
1477      0.594305      0.902018
1478      0.601752      0.889826
1479      0.597857      0.865487
1480      0.6      0.8
1481      0.596492      0.819737
1482      0.595407      0.839917
1483      0.586442      0.876267
1484      0.569416      0.925687
1485      0.565476      0.94188
1486      0.5776      0.892054
1487      0.5635      0.909207
1488      0.556181      0.957651
1489      0.54321      0.969184
1490      0.526274      0.977319
1491      0.509609      0.988145
1492      0.493981      0.998013
1493      0.586201      0.856706
1494      0.546857      0.906806
1495      0.541026      0.95419
1496      0.56042      0.890042
1497      0.511989      0.973412
1498      0.58      0.8
1499      0.57589      0.818899
1500      0.571872      0.83738
1501      0.56413      0.872981
1502      0.571432      0.856706
1503      0.544875      0.92291
1504      0.549817      0.938801
1505      0.524853      0.961792
1506      0.495816      0.984043
1507      0.480664      0.993759
1508      0.541941      0.894945
1509      0.53355      0.916476
1510      0.532264      0.945824
1511      0.551019      0.872981
1512      0.514438      0.958251
1513      0.500571      0.969657
1514      0.56      0.8
1515      0.557674      0.818899
1516      0.5554      0.83738
1517      0.548858      0.858577
1518      0.527885      0.929407
1519      0.516957      0.942654
1520      0.482026      0.980117
1521      0.486287      0.966065
1522      0.467348      0.98971
1523      0.532779      0.877124
1524      0.52499      0.89292
1525      0.522225      0.910042
1526      0.499653      0.954848
1527      0.54      0.8
1528      0.538123      0.820043
1529      0.531182      0.837941
1530      0.530737      0.857345
1531      0.511198      0.923931
1532      0.501655      0.939608
1533      0.469855      0.975141
1534      0.472444      0.9601
1535      0.484872      0.951594
1536      0.454031      0.985877
1537      0.519036      0.874783
1538      0.508045      0.890981
1539      0.505844      0.907728
1540      0.52      0.8
1541      0.516173      0.818853
1542      0.515014      0.837941
1543      0.51262      0.856165
1544      0.495361      0.921366
1545      0.486359      0.936697
1546      0.456021      0.971633
1547      0.475115      0.94458
1548      0.458076      0.956922
1549      0.440714      0.982271
1550      0.505293      0.872442
1551      0.491106      0.889128
1552      0.493291      0.909821
1553      0.490516      0.874065
1554      0.483395      0.924946
1555      0.5      0.8
1556      0.496528      0.820174
1557      0.493167      0.839702
1558      0.48991      0.858621
1559      0.480738      0.911915
1560      0.471428      0.928527
1561      0.443718      0.968333
1562      0.460198      0.941735
1563      0.446822      0.953931
1564      0.427397      0.978902
1565      0.473678      0.894793
1566      0.474867      0.876971
1567      0.464105      0.918125
1568      0.471964      0.857519
1569      0.48      0.8
1570      0.478655      0.820174
1571      0.471751      0.838271
1572      0.456782      0.907723
1573      0.453345      0.923668
1574      0.432457      0.951138
1575      0.428359      0.96525
1576      0.445287      0.939058
1577      0.41408      0.975779
1578      0.462605      0.884123
1579      0.450342      0.891275
1580      0.454023      0.856486
1581      0.43038      0.93656
1582      0.46      0.8
1583      0.456514      0.819131
1584      0.453143      0.837625
1585      0.440715      0.905825
1586      0.437864      0.921468
1587      0.418095      0.94855
1588      0.416054      0.962392
1589      0.400762      0.972911
1590      0.446711      0.872923
1591      0.433682      0.889685
1592      0.436089      0.855519
1593      0.422389      0.91943
1594      0.415479      0.934243
1595      0.44      0.8
1596      0.437223      0.81883
1597      0.43454      0.837026
1598      0.424655      0.904066
1599      0.404045      0.943406
1600      0.402374      0.958423
1601      0.387445      0.970304
1602      0.429422      0.871737
1603      0.417029      0.88821
1604      0.422485      0.856841
1605      0.407587      0.911572
1606      0.405781      0.927805
1607      0.42      0.8
1608      0.416151      0.820133
1609      0.418753      0.837026
1610      0.402151      0.89337
1611      0.392991      0.94129
1612      0.388495      0.956059
1613      0.374127      0.967964
1614      0.408881      0.858164
1615      0.405449      0.876119
1616      0.395435      0.910044
1617      0.390715      0.92594
1618      0.4      0.8
1619      0.396937      0.819886
1620      0.393993      0.838994
1621      0.389464      0.892765
1622      0.388425      0.87514
1623      0.378528      0.93939
1624      0.374617      0.953938
1625      0.360809      0.965895
1626      0.391164      0.857362
1627      0.383284      0.908517
1628      0.375655      0.924268
1629      0.362409      0.952063
1630      0.38      0.8
1631      0.379305      0.819885
1632      0.378637      0.838993
1633      0.376778      0.892159
1634      0.374394      0.87471
1635      0.377992      0.857427
1636      0.364069      0.937711
1637      0.347491      0.964102
1638      0.360523      0.907241
1639      0.363196      0.922887
1640      0.348532      0.950437
1641      0.367176      0.847602
1642      0.36      0.8
1643      0.360096      0.819666
1644      0.353986      0.837859
1645      0.360444      0.891088
1646      0.360362      0.87428
1647      0.355715      0.856212
1648      0.349613      0.936255
1649      0.334173      0.962586
1650      0.350738      0.921506
1651      0.348375      0.906219
1652      0.334657      0.949063
1653      0.34      0.8
1654      0.339308      0.819315
1655      0.338002      0.855734
1656      0.335539      0.837598
1657      0.345803      0.889374
1658      0.345887      0.87333
1659      0.338275      0.920521
1660      0.33516      0.935024
1661      0.320854      0.961349
1662      0.33623      0.905197
1663      0.322445      0.947941
1664      0.32071      0.93402
1665      0.32      0.8
1666      0.318517      0.819082
1667      0.315722      0.855045
1668      0.331411      0.872381
1669      0.320199      0.837598
1670      0.329471      0.888733
1671      0.325816      0.919537
1672      0.307536      0.960391
1673      0.308571      0.947072
1674      0.324079      0.904519
1675      0.309646      0.933242
1676      0.3      0.8
1677      0.299312      0.819009
1678      0.301757      0.837396
1679      0.314406      0.871983
1680      0.302586      0.855042
1681      0.313143      0.888238
1682      0.305584      0.918851
1683      0.31193      0.903842
1684      0.294218      0.959711
1685      0.294698      0.946456
1686      0.295196      0.932689
1687      0.293125      0.918463
1688      0.28      0.8
1689      0.28021      0.837199
1690      0.278521      0.818953
1691      0.289161      0.854849
1692      0.297404      0.871698
1693      0.300483      0.888061
1694      0.296256      0.903421
1695      0.280899      0.959307
1696      0.280825      0.946089
1697      0.280747      0.932361
1698      0.284106      0.903254
1699      0.280667      0.918075
1700      0.275736      0.854657
1701      0.26      0.8
1702      0.26177      0.837171
1703      0.259317      0.818967
1704      0.274424      0.871471
1705      0.287823      0.887883
1706      0.267581      0.959175
1707      0.268611      0.945969
1708      0.266299      0.932253
1709      0.271957      0.903087
1710      0.265619      0.917981
1711      0.25803      0.854704
1712      0.240945      0.959709
1713      0.254263      0.959311
1714      0.24      0.8
1715      0.243328      0.837167
1716      0.238528      0.81908
1717      0.257424      0.871531
1718      0.264172      0.887607
1719      0.254739      0.946093
1720      0.255233      0.932364
1721      0.256284      0.903173
1722      0.25316      0.918172
1723      0.244897      0.8547
1724      0.227627      0.960363
1725      0.240866      0.946454
1726      0.228654      0.947048
1727      0.232973      0.846103
1728      0.22      0.8
1729      0.22178      0.837425
1730      0.220907      0.81908
1731      0.240424      0.871698
1732      0.247849      0.887675
1733      0.240785      0.932688
1734      0.244137      0.9035
1735      0.2407      0.918364
1736      0.222618      0.855039
1737      0.214309      0.961265
1738      0.21312      0.947866
1739      0.215273      0.933955
1740      0.226336      0.933221
1741      0.223423      0.871974
1742      0.2      0.8
1743      0.201702      0.819178
1744      0.204909      0.855323
1745      0.200231      0.83783
1746      0.224196      0.888227
1747      0.231989      0.903827
1748      0.225652      0.918834
1749      0.20642      0.872352
1750      0.200991      0.962406
1751      0.199246      0.948903
1752      0.200823      0.934885
1753      0.210602      0.919482
1754      0.17933      0.819623
1755      0.18      0.8
1756      0.181786      0.838125
1757      0.187198      0.855688
1758      0.191946      0.873221
1759      0.209262      0.904386
1760      0.200545      0.889293
1761      0.187035      0.950148
1762      0.187674      0.963776
1763      0.186373      0.936003
1764      0.198142      0.920386
1765      0.16334      0.838468
1766      0.160123      0.81982
1767      0.16      0.8
1768      0.164917      0.856639
1769      0.177472      0.874091
1770      0.184218      0.890012
1771      0.193584      0.905097
1772      0.174827      0.951593
1773      0.175314      0.937301
1774      0.174357      0.965366
1775      0.185683      0.92129
1776      0.166146      0.945181
1777      0.147202      0.857218
1778      0.141794      0.839291
1779      0.142495      0.81982
1780      0.14      0.8
1781      0.160466      0.874855
1782      0.160571      0.891793
1783      0.17635      0.906945
1784      0.159286      0.953227
1785      0.17063      0.922437
1786      0.157466      0.938768
1787      0.16104      0.967162
1788      0.133787      0.858239
1789      0.143456      0.875705
1790      0.123344      0.839766
1791      0.121705      0.820279
1792      0.12      0.8
1793      0.153602      0.908068
1794      0.144239      0.892843
1795      0.14641      0.940396
1796      0.147078      0.955039
1797      0.155574      0.923734
1798      0.147723      0.969154
1799      0.137916      0.909316
1800      0.120372      0.85926
1801      0.126444      0.876632
1802      0.127903      0.893989
1803      0.101641      0.837198
1804      0.106587      0.854243
1805      0.102267      0.81867
1806      0.1      0.8
1807      0.140515      0.925173
1808      0.131955      0.942173
1809      0.133203      0.957016
1810      0.134406      0.971327
1811      0.130609      0.918661
1812      0.120704      0.912149
1813      0.108628      0.871053
1814      0.115175      0.882588
1815      0.112507      0.902997
1816      0.0886687      0.854985
1817      0.0858643      0.837197
1818      0.0913564      0.872033
1819      0.0829833      0.818923
1820      0.08      0.8
1821      0.120806      0.928441
1822      0.117835      0.946866
1823      0.120998      0.959147
1824      0.121089      0.973668
1825      0.109848      0.924131
1826      0.105665      0.962789
1827      0.103907      0.888543
1828      0.0988903      0.91982
1829      0.0964647      0.904434
1830      0.076013      0.867716
1831      0.0704014      0.848974
1832      0.0672588      0.830822
1833      0.0912923      0.885875
1834      0.0786776      0.883207
1835      0.0666667      0.813458
1836      0.06      0.8
1837      0.105941      0.934641
1838      0.106572      0.948951
1839      0.107773      0.976163
1840      0.0955784      0.954464
1841      0.0964495      0.968259
1842      0.0819213      0.929036
1843      0.0911468      0.941493
1844      0.0782311      0.90845
1845      0.0847617      0.897162
1846      0.0601309      0.863247
1847      0.0631114      0.879061
1848      0.0515151      0.842759
1849      0.048      0.824224
1850      0.0659987      0.894381
1851      0.04      0.8
1852      0.0944569      0.978795
1853      0.0845844      0.959976
1854      0.0828229      0.971012
1855      0.0709835      0.920941
1856      0.0649523      0.938252
1857      0.0763527      0.948345
1858      0.0596388      0.912545
1859      0.0437476      0.878023
1860      0.0436888      0.858621
1861      0.0438046      0.89682
1862      0.032      0.836337
1863      0.0266667      0.813458
1864      0.02      0.8
1865      0.0811409      0.98155
1866      0.0728109      0.960777
1867      0.0713611      0.971833
1868      0.0530606      0.927724
1869      0.0583707      0.949049
1870      0.0406409      0.916729
1871      0.0270048      0.871343
1872      0.0273353      0.888462
1873      0.0266667      0.853832
1874      0.0276592      0.905236
1875      0.015      0.845421
1876      0.015      0.830281
1877      0      0.820187
1878      0      0.8
1879      0.067825      0.98441
1880      0.0610374      0.961577
1881      0.0562391      0.977048
1882      0.0385948      0.93928
1883      0.0307811      0.926308
1884      0.0444383      0.954216
1885      0.0133333      0.86729
1886      0.0141217      0.89325
1887      0.0158179      0.911976
1888      0      0.840374
1889      0      0.860561
1890      0.0545092      0.98736
1891      0.0480154      0.965926
1892      0.042751      0.977426
1893      0.0255378      0.944952
1894      0.0157186      0.932828
1895      0.0302628      0.96054
1896      0      0.880748
1897      0      0.900935
1898      0      0.921122
1899      0.0411935      0.990382
1900      0.0323039      0.979792
1901      0.0155985      0.954487
1902      0      0.941309
1903      0.010487      0.97352
1904      0.0278778      0.993459
1905      0.0197267      0.984113
1906      0      0.961496
1907      0      0.981539
1908      0.0145623      0.996573
1909      0      1
